repo_name,commit_num,commit,code_slice,ground_truth,prediction,reason,Malware Type
1stMalware,0,3fd09,NEW@<module>@test.py_slice.py,Benign Artifact,Undetermined,,None
1stMalware,1,ba466,NEW@<module>@modules_crypt_crypt.py_slice.py,Core Attack Chain,Core Attack Chain,,Type C
1stMalware,2,177b1,NEW@<module>@test.py_slice.py,Benign Artifact,Undetermined,,None
1stMalware,2,177b1,<module>@modules_crypt_crypt.py_slice.py,SAME AS BEFORE,SAME AS BEFORE,,
1stMalware,3,f5809,NEW@<body>@modules_crypt_crypt.py_slice.py,Undetermined,Undetermined,,None
1stMalware,3,f5809,<module>@test.py_slice.py,SAME AS BEFORE,SAME AS BEFORE,,
1stMalware,3,f5809,NEW@<body>@modules_rights_getRights.py_slice.py,Undetermined,Undetermined,,None
1stMalware,4,c45da,<body>@modules_rights_getRights.py_slice.py,SAME AS BEFORE,SAME AS BEFORE,,
1stMalware,4,c45da,NEW@<body>@modules_crypt_crypt.py_slice.py,Core Attack Chain,Core Attack Chain,,Type C
1stMalware,5,426f7,<body>@modules_rights_getRights.py_slice.py,SAME AS BEFORE,SAME AS BEFORE,,
1stMalware,5,426f7,<body>@modules_crypt_crypt.py_slice.py,SAME AS BEFORE,SAME AS BEFORE,,
1stMalware,6,21b58,NEW@<module>@main.py_slice.py,Core Attack Chain,Core Attack Chain,,Type C
1stMalware,6,21b58,<body>@modules_rights_getRights.py_slice.py,SAME AS BEFORE,SAME AS BEFORE,,
1stMalware,6,21b58,NEW@<body>@modules_crypt_crypt.py_slice.py,Core Attack Chain,Core Attack Chain,,Type C
1stMalware,6,21b58,NEW@<module>@modules_network_smtp.py_slice.py,Full Attack Chain,Full Attack Chain,,Type A
1stMalware,7,3a8ed,NEW@<module>@main.py_slice.py,Core Attack Chain,Core Attack Chain,,Type C
1stMalware,7,3a8ed,<body>@modules_rights_getRights.py_slice.py,SAME AS BEFORE,SAME AS BEFORE,,
1stMalware,7,3a8ed,NEW@<module>@modules_network_stmpgmail.py_slice.py,Full Attack Chain,Full Attack Chain,,Type A
1stMalware,7,3a8ed,NEW@<body>@modules_crypt_crypt.py_slice.py,Core Attack Chain,Core Attack Chain,,Type C
1stMalware,8,03ca7,NEW@<module>@main.py_slice.py,Core Attack Chain,Core Attack Chain,,Type C
1stMalware,8,03ca7,<body>@modules_rights_getRights.py_slice.py,SAME AS BEFORE,SAME AS BEFORE,,
1stMalware,8,03ca7,NEW@<body>@modules_crypt_crypt.py_slice.py,Core Attack Chain,Core Attack Chain,,Type C
1stMalware,9,47f7a,NEW@<module>@main.py_slice.py,Core Attack Chain,Core Attack Chain,,Type C
1stMalware,9,47f7a,NEW@<body>@modules_crypt_crypt.py_slice.py,Core Attack Chain,Core Attack Chain,,Type C
1stMalware,9,47f7a,NEW@<body>@modules_rights_getRights.py_slice.py,Undetermined,Undetermined,,None
1stMalware,10,3a1e0,NEW@<module>@main.py_slice.py,Core Attack Chain,Core Attack Chain,,Type C
1stMalware,10,3a1e0,NEW@<body>@modules_crypt_crypt.py_slice.py,Core Attack Chain,Core Attack Chain,,Type C
1stMalware,10,3a1e0,NEW@<body>@modules_rights_getRights.py_slice.py,Undetermined,Undetermined,,None
Backdoorcreator,0,04d0c,NEW@<module>@backdoorcreate.py_slice.py,Full Attack Chain,Full Attack Chain,,Type I
Backdoorcreator,0,04d0c,NEW@<module>@server.py_slice.py,Undetermined,Benign,,None
Backdoorcreator,1,22da0,NEW@<module>@backdoorcreate.py_slice.py,Full Attack Chain,Full Attack Chain,,Type I
Backdoorcreator,1,22da0,NEW@<module>@server.py_slice.py,Undetermined,Undetermined,,None
Backdoorcreator,2,677e6,NEW@<module>@backdoorcreate.py_slice.py,Full Attack Chain,Full Attack Chain,,Type I
Backdoorcreator,2,677e6,<module>@server.py_slice.py,SAME AS BEFORE,SAME AS BEFORE,,
Backdoorcreator,3,697db,NEW@<module>@backdoorcreate.py_slice.py,Full Attack Chain,Full Attack Chain,,Type I
Backdoorcreator,3,697db,NEW@<module>@server.py_slice.py,Undetermined,Undetermined,,None
Backdoorcreator,4,ad97a,NEW@<module>@backdoorcreate.py_slice.py,Full Attack Chain,Full Attack Chain,,Type I
Backdoorcreator,4,ad97a,NEW@<module>@server.py_slice.py,Undetermined,Benign,,None
Backdoorcreator,5,c92d2,NEW@<module>@backdoorcreate.py_slice.py,Full Attack Chain,Full Attack Chain,,Type I
Backdoorcreator,5,c92d2,NEW@<module>@server.py_slice.py,Undetermined,Benign,,None
Backdoorcreator,6,1ce4c,NEW@<module>@backdoorcreate.py_slice.py,Full Attack Chain,Full Attack Chain,,Type I
Backdoorcreator,6,1ce4c,<module>@server.py_slice.py,SAME AS BEFORE,SAME AS BEFORE,,
Backdoorcreator,7,417b1,NEW@<module>@backdoorcreate.py_slice.py,Full Attack Chain,Full Attack Chain,,Type I
Backdoorcreator,7,417b1,<module>@server.py_slice.py,SAME AS BEFORE,SAME AS BEFORE,,
Basic-Keylogger,0,5a51a,NEW@<module>@keylogger.py_slice.py,Core Attack Chain,Core Attack Chain,,Type H
Basic-Keylogger,1,808fa,NEW@<module>@keylogger.py_slice.py,Core Attack Chain,Core Attack Chain,,Type H
Basic-Keylogger,2,b573a,NEW@<module>@keylogger.py_slice.py,Core Attack Chain,Core Attack Chain,,Type H
Basic-Keylogger,3,00252,NEW@<module>@keylogger.py_slice.py,Core Attack Chain,Core Attack Chain,,Type H
beep,0,244fc,NEW@<module>@virus.py_slice.py,Benign,Benign,,None
beep,1,aac79,NEW@<module>@virus.py_slice.py,Full Attack Chain,Full Attack Chain,,Type F
beep,2,01a62,<module>@virus.py_slice.py,SAME AS BEFORE,SAME AS BEFORE,,
beep,3,a6a72,NEW@<module>@virus.py_slice.py,Full Attack Chain,Full Attack Chain,,Type F
beep,4,6ca31,NEW@<module>@virus.py_slice.py,Full Attack Chain,Full Attack Chain,,Type F
beep,5,55be7,<module>@virus.py_slice.py,SAME AS BEFORE,SAME AS BEFORE,,
beep,6,53e58,NEW@<module>@virus.py_slice.py,Full Attack Chain,Full Attack Chain,,Type F
beep,7,1ade8,NEW@<module>@virus.py_slice.py,Core Attack Chain,Core Attack Chain,,Type F
beep,8,77881,NEW@<module>@virus.py_slice.py,Full Attack Chain,Full Attack Chain,,Type F
beep,9,beae0,NEW@<module>@virus.py_slice.py,Full Attack Chain,Full Attack Chain,,Type F
beep,10,9719c,NEW@<module>@virus.py_slice.py,Core Attack Chain,Core Attack Chain,,Type F
beep,11,6a815,<module>@virus.py_slice.py,SAME AS BEFORE,SAME AS BEFORE,,
beep,12,41a8e,NEW@<module>@virus.py_slice.py,Full Attack Chain,Full Attack Chain,,Type F
BskyBot,0,60dc3,NEW@<body>@core_bsky_client.py_slice.py,Benign,Benign,,None
BskyBot,1,e7c5d,NEW@encode@core_jpeg_stegano.py_slice.py,Undetermined,Undetermined,,None
BskyBot,1,e7c5d,NEW@<body>@core_bsky_client.py_slice.py,Benign,Benign,,None
BskyBot,1,e7c5d,NEW@decode@core_jpeg_stegano.py_slice.py,Undetermined,Undetermined,,None
BskyBot,2,dc601,NEW@deserialize_string@core_data_serializer.py_slice.py,Undetermined,Benign,,None
BskyBot,2,dc601,NEW@deserialize_bytes@core_data_serializer.py_slice.py,Undetermined,Benign,,None
BskyBot,2,dc601,encode@core_jpeg_stegano.py_slice.py,SAME AS BEFORE,SAME AS BEFORE,,
BskyBot,2,dc601,decode@core_jpeg_stegano.py_slice.py,SAME AS BEFORE,SAME AS BEFORE,,
BskyBot,2,dc601,<body>@core_bsky_client.py_slice.py,SAME AS BEFORE,SAME AS BEFORE,,
BskyBot,3,48818,encode@core_jpeg_stegano.py_slice.py,SAME AS BEFORE,SAME AS BEFORE,,
BskyBot,3,48818,deserialize_bytes@core_data_serializer.py_slice.py,SAME AS BEFORE,SAME AS BEFORE,,
BskyBot,3,48818,decode@core_jpeg_stegano.py_slice.py,SAME AS BEFORE,SAME AS BEFORE,,
BskyBot,3,48818,<body>@core_bsky_client.py_slice.py,SAME AS BEFORE,SAME AS BEFORE,,
BskyBot,3,48818,deserialize_string@core_data_serializer.py_slice.py,SAME AS BEFORE,SAME AS BEFORE,,
BskyBot,4,bae5f,NEW@<body>@core_dummy_image_path_generator.py_slice.py,Benign,Benign,,None
BskyBot,4,bae5f,encode@core_jpeg_stegano.py_slice.py,SAME AS BEFORE,SAME AS BEFORE,,
BskyBot,4,bae5f,NEW@<module>@example.py_slice.py,Benign,Benign,,None
BskyBot,4,bae5f,NEW@<body>@core_bsky_client.py_slice.py,Benign,Benign,,None
BskyBot,4,bae5f,deserialize_bytes@core_data_serializer.py_slice.py,SAME AS BEFORE,SAME AS BEFORE,,
BskyBot,4,bae5f,NEW@<body>@bot_bot.py_slice.py,Core Attack Chain,Core Attack Chain,,Type B
BskyBot,4,bae5f,NEW@<body>@controller_main.py_slice.py,Benign,Benign,,None
BskyBot,4,bae5f,NEW@<module>@bot_bot.py_slice.py,Full Attack Chain,Core Attack Chain,third-party package,Type B
BskyBot,4,bae5f,decode@core_jpeg_stegano.py_slice.py,SAME AS BEFORE,SAME AS BEFORE,,
BskyBot,5,b7819,<module>@example.py_slice.py,SAME AS BEFORE,SAME AS BEFORE,,
BskyBot,5,b7819,NEW@<body>@core_dummy_image_path_generator.py_slice.py,Benign,Benign,,None
BskyBot,5,b7819,encode@core_jpeg_stegano.py_slice.py,SAME AS BEFORE,SAME AS BEFORE,,
BskyBot,5,b7819,<body>@controller_main.py_slice.py,SAME AS BEFORE,SAME AS BEFORE,,
BskyBot,5,b7819,deserialize_bytes@core_data_serializer.py_slice.py,SAME AS BEFORE,SAME AS BEFORE,,
BskyBot,5,b7819,NEW@<body>@bot_bot.py_slice.py,Core Attack Chain,Core Attack Chain,,Type B
BskyBot,5,b7819,NEW@<module>@bot_bot.py_slice.py,Full Attack Chain,Core Attack Chain,third-party package,Type B
BskyBot,5,b7819,decode@core_jpeg_stegano.py_slice.py,SAME AS BEFORE,SAME AS BEFORE,,
BskyBot,5,b7819,<body>@core_bsky_client.py_slice.py,SAME AS BEFORE,SAME AS BEFORE,,
BskyBot,6,57dd6,NEW@<body>@core_dummy_image_path_generator.py_slice.py,Benign,Benign,,None
BskyBot,6,57dd6,encode@core_jpeg_stegano.py_slice.py,SAME AS BEFORE,SAME AS BEFORE,,
BskyBot,6,57dd6,NEW@<body>@bot.py_slice.py,Core Attack Chain,Core Attack Chain,,Type B
BskyBot,6,57dd6,deserialize_bytes@core_data_serializer.py_slice.py,SAME AS BEFORE,SAME AS BEFORE,,
BskyBot,6,57dd6,NEW@<module>@bot.py_slice.py,Full Attack Chain,Core Attack Chain,third-party package,Type B
BskyBot,6,57dd6,decode@core_jpeg_stegano.py_slice.py,SAME AS BEFORE,SAME AS BEFORE,,
BskyBot,6,57dd6,<body>@core_bsky_client.py_slice.py,SAME AS BEFORE,SAME AS BEFORE,,
BskyBot,7,7e97f,encode@core_jpeg_stegano.py_slice.py,SAME AS BEFORE,SAME AS BEFORE,,
BskyBot,7,7e97f,<body>@bot.py_slice.py,SAME AS BEFORE,SAME AS BEFORE,,
BskyBot,7,7e97f,NEW@<module>@controller.py_slice.py,Full Attack Chain,Full Attack Chain,,Type B
BskyBot,7,7e97f,deserialize_bytes@core_data_serializer.py_slice.py,SAME AS BEFORE,SAME AS BEFORE,,
BskyBot,7,7e97f,<module>@bot.py_slice.py,SAME AS BEFORE,SAME AS BEFORE,,
BskyBot,7,7e97f,decode@core_jpeg_stegano.py_slice.py,SAME AS BEFORE,SAME AS BEFORE,,
BskyBot,7,7e97f,<body>@core_bsky_client.py_slice.py,SAME AS BEFORE,SAME AS BEFORE,,
BskyBot,7,7e97f,<body>@core_dummy_image_path_generator.py_slice.py,SAME AS BEFORE,SAME AS BEFORE,,
BskyBot,7,7e97f,NEW@<body>@controller.py_slice.py,Undetermined,Core Attack Chain,B:Hallucination,None
BskyBot,8,e0939,encode@core_jpeg_stegano.py_slice.py,SAME AS BEFORE,SAME AS BEFORE,,
BskyBot,8,e0939,NEW@<body>@bot.py_slice.py,Core Attack Chain,Core Attack Chain,,Type B
BskyBot,8,e0939,NEW@<module>@controller.py_slice.py,Full Attack Chain,Full Attack Chain,,Type B
BskyBot,8,e0939,deserialize_bytes@core_data_serializer.py_slice.py,SAME AS BEFORE,SAME AS BEFORE,,
BskyBot,8,e0939,NEW@<module>@bot.py_slice.py,Full Attack Chain,Core Attack Chain,third-party package,Type B
BskyBot,8,e0939,decode@core_jpeg_stegano.py_slice.py,SAME AS BEFORE,SAME AS BEFORE,,
BskyBot,8,e0939,<body>@core_bsky_client.py_slice.py,SAME AS BEFORE,SAME AS BEFORE,,
BskyBot,8,e0939,<body>@core_dummy_image_path_generator.py_slice.py,SAME AS BEFORE,SAME AS BEFORE,,
BskyBot,8,e0939,NEW@<body>@controller.py_slice.py,Undetermined,Undetermined,,None
BskyBot,9,d789a,encode@core_jpeg_stegano.py_slice.py,SAME AS BEFORE,SAME AS BEFORE,,
BskyBot,9,d789a,<body>@bot.py_slice.py,SAME AS BEFORE,SAME AS BEFORE,,
BskyBot,9,d789a,NEW@<body>@core_bsky_client.py_slice.py,Benign,Benign,,None
BskyBot,9,d789a,NEW@<module>@controller.py_slice.py,Full Attack Chain,Full Attack Chain,,Type B
BskyBot,9,d789a,deserialize_bytes@core_data_serializer.py_slice.py,SAME AS BEFORE,SAME AS BEFORE,,
BskyBot,9,d789a,NEW@<module>@bot.py_slice.py,Full Attack Chain,Core Attack Chain,third-party package,Type B
BskyBot,9,d789a,decode@core_jpeg_stegano.py_slice.py,SAME AS BEFORE,SAME AS BEFORE,,
BskyBot,9,d789a,<body>@core_dummy_image_path_generator.py_slice.py,SAME AS BEFORE,SAME AS BEFORE,,
BskyBot,9,d789a,NEW@<body>@controller.py_slice.py,Undetermined,Undetermined,,None
BskyBot,10,baced,NEW@<body>@core_dummy_image_path_generator.py_slice.py,Benign,Benign,,None
BskyBot,10,baced,encode@core_jpeg_stegano.py_slice.py,SAME AS BEFORE,SAME AS BEFORE,,
BskyBot,10,baced,NEW@<body>@bot.py_slice.py,Core Attack Chain,Core Attack Chain,,Type B
BskyBot,10,baced,NEW@<body>@core_bsky_client.py_slice.py,Benign,Benign,,None
BskyBot,10,baced,NEW@<module>@controller.py_slice.py,Full Attack Chain,Core Attack Chain,B:Hallucination,None
BskyBot,10,baced,deserialize_bytes@core_data_serializer.py_slice.py,SAME AS BEFORE,SAME AS BEFORE,,
BskyBot,10,baced,NEW@<module>@bot.py_slice.py,Full Attack Chain,Core Attack Chain,third-party package,Type B
BskyBot,10,baced,decode@core_jpeg_stegano.py_slice.py,SAME AS BEFORE,SAME AS BEFORE,,
BskyBot,10,baced,NEW@<body>@controller.py_slice.py,Undetermined,Undetermined,,None
BskyBot,11,fbe51,encode@core_jpeg_stegano.py_slice.py,SAME AS BEFORE,SAME AS BEFORE,,
BskyBot,11,fbe51,<body>@bot.py_slice.py,SAME AS BEFORE,SAME AS BEFORE,,
BskyBot,11,fbe51,NEW@<module>@controller.py_slice.py,Full Attack Chain,Core Attack Chain,B:Hallucination,Type B
BskyBot,11,fbe51,deserialize_bytes@core_data_serializer.py_slice.py,SAME AS BEFORE,SAME AS BEFORE,,
BskyBot,11,fbe51,<module>@bot.py_slice.py,SAME AS BEFORE,SAME AS BEFORE,,
BskyBot,11,fbe51,decode@core_jpeg_stegano.py_slice.py,SAME AS BEFORE,SAME AS BEFORE,,
BskyBot,11,fbe51,<body>@core_bsky_client.py_slice.py,SAME AS BEFORE,SAME AS BEFORE,,
BskyBot,11,fbe51,<body>@core_dummy_image_path_generator.py_slice.py,SAME AS BEFORE,SAME AS BEFORE,,
BskyBot,11,fbe51,NEW@<body>@controller.py_slice.py,Undetermined,Undetermined,,None
BskyBot,12,b40cc,NEW@<body>@core_dummy_image_path_generator.py_slice.py,Benign,Benign,,None
BskyBot,12,b40cc,encode@core_jpeg_stegano.py_slice.py,SAME AS BEFORE,SAME AS BEFORE,,
BskyBot,12,b40cc,NEW@<body>@bot.py_slice.py,Core Attack Chain,Core Attack Chain,,Type B
BskyBot,12,b40cc,NEW@<body>@core_bsky_client.py_slice.py,Benign,Benign,,None
BskyBot,12,b40cc,NEW@<module>@controller.py_slice.py,Full Attack Chain,Core Attack Chain,B:Hallucination,Type B
BskyBot,12,b40cc,deserialize_bytes@core_data_serializer.py_slice.py,SAME AS BEFORE,SAME AS BEFORE,,
BskyBot,12,b40cc,NEW@<module>@bot.py_slice.py,Full Attack Chain,Core Attack Chain,third-party package,Type B
BskyBot,12,b40cc,decode@core_jpeg_stegano.py_slice.py,SAME AS BEFORE,SAME AS BEFORE,,
BskyBot,12,b40cc,NEW@<body>@controller.py_slice.py,Undetermined,Undetermined,,None
Cerberus,0,ab1e0,NEW@<module>@Cerberus.py_slice.py,Full Attack Chain,Full Attack Chain,,Type J
Cerberus,1,44601,<module>@Cerberus.py_slice.py,SAME AS BEFORE,SAME AS BEFORE,,
Cerberus,2,cb198,<module>@Cerberus.py_slice.py,SAME AS BEFORE,SAME AS BEFORE,,
Cerberus,3,7d2ad,<module>@Cerberus.py_slice.py,SAME AS BEFORE,SAME AS BEFORE,,
Cerberus,4,e8f21,NEW@<module>@Cerberus.py_slice.py,Full Attack Chain,Full Attack Chain,,Type J
Cerberus,5,f03d4,<module>@Cerberus.py_slice.py,SAME AS BEFORE,SAME AS BEFORE,,
Cerberus,6,261a4,NEW@<module>@Cerberus.py_slice.py,Full Attack Chain,Full Attack Chain,,Type J
Cerberus,7,1262b,NEW@<module>@Cerberus.py_slice.py,Full Attack Chain,Full Attack Chain,,Type J
Cerberus,8,f5ca7,NEW@<module>@Cerberus.py_slice.py,Full Attack Chain,Full Attack Chain,,Type J
Chrome_pass_stealer,0,0c8fb,NEW@<module>@chromepass.py_slice.py,Core Attack Chain,Core Attack Chain,,Type A
Chrome_pass_stealer,1,0eeba,NEW@<module>@chromepass.py_slice.py,Core Attack Chain,Core Attack Chain,,Type A
Chrome_pass_stealer,2,5c618,<module>@chromepass.py_slice.py,SAME AS BEFORE,SAME AS BEFORE,,
Chrome_pass_stealer,3,915e2,NEW@<module>@chromepass.py_slice.py,Core Attack Chain,Core Attack Chain,,Type A
Chrome_pass_stealer,4,d766e,NEW@<module>@chromepass.py_slice.py,Full Attack Chain,Full Attack Chain,,Type A
Chrome_pass_stealer,5,444fc,<module>@chromepass.py_slice.py,SAME AS BEFORE,SAME AS BEFORE,,
Chrome_pass_stealer,6,915e2,NEW@<module>@chromepass.py_slice.py,Full Attack Chain,Full Attack Chain,,
Chrome_pass_stealer,7,73291,NEW@<module>@chromepass.py_slice.py,Full Attack Chain,Full Attack Chain,,Type A
Chrome_pass_stealer,8,4ac98,NEW@<module>@chromepass.py_slice.py,Full Attack Chain,Full Attack Chain,,Type A
Chrome_pass_stealer,9,56cdf,<module>@chromepass.py_slice.py,SAME AS BEFORE,SAME AS BEFORE,,
Chrome_pass_stealer,10,fc1f7,NEW@<module>@chromepass.py_slice.py,Full Attack Chain,Full Attack Chain,,Type A
Chrome_pass_stealer,11,b6c64,NEW@<module>@chromepass.py_slice.py,Full Attack Chain,Full Attack Chain,,Type A
Chrome_pass_stealer,12,5d3bc,NEW@<module>@chromepass.py_slice.py,Full Attack Chain,Full Attack Chain,,Type A
crypto-clipper,0,dfe2b,NEW@<module>@main.py_slice.py,Full Attack Chain,Full Attack Chain,,Type E
crypto-clipper,0,dfe2b,NEW@<module>@uninstaller.py_slice.py,Benign,Benign,,
crypto-clipper,1,868ca,NEW@<module>@main.py_slice.py,Full Attack Chain,Full Attack Chain,,Type E
crypto-clipper,1,868ca,NEW@<module>@uninstaller.py_slice.py,Benign,Benign,,
crypto-clipper,2,ca07b,NEW@<module>@main.py_slice.py,Full Attack Chain,Full Attack Chain,,Type E
crypto-clipper,2,ca07b,NEW@<module>@uninstaller.py_slice.py,Benign,Benign,,
crypto-clipper,3,f9abe,NEW@<module>@main.py_slice.py,Full Attack Chain,Full Attack Chain,,Type E
crypto-clipper,3,f9abe,<module>@uninstaller.py_slice.py,SAME AS BEFORE,SAME AS BEFORE,,
crypto-clipper,4,299de,NEW@<module>@main.py_slice.py,Full Attack Chain,Full Attack Chain,,Type E
crypto-clipper,4,299de,NEW@<module>@uninstaller.py_slice.py,Benign,Benign,,
dojo6oct16,4,c6dce,NEW@<module>@infector.py_slice.py,Core Attack Chain,Core Attack Chain,,Type F
dojo6oct16,6,ff97b,NEW@<module>@infector.py_slice.py,Core Attack Chain,Core Attack Chain,,Type F
dojo6oct16,7,8916a,NEW@<module>@infector.py_slice.py,Full Attack Chain,Full Attack Chain,,Type F
dojo6oct16,8,06600,<module>@infector.py_slice.py,SAME AS BEFORE,SAME AS BEFORE,,
dojo6oct16,9,1a34e,NEW@<module>@infector.py_slice.py,Full Attack Chain,Full Attack Chain,,Type F
dojo6oct16,10,1f053,NEW@<module>@infector.py_slice.py,Full Attack Chain,Full Attack Chain,,Type F
dojo6oct16,10,1f053,NEW@<body>@infector.py_slice.py,Full Attack Chain,Full Attack Chain,,Type F
dojo6oct16,11,502e1,<body>@infector.py_slice.py,SAME AS BEFORE,SAME AS BEFORE,,
dojo6oct16,11,502e1,<module>@infector.py_slice.py,SAME AS BEFORE,SAME AS BEFORE,,
dojo6oct16,12,84ec1,NEW@<body>@infector.py_slice.py,Full Attack Chain,Full Attack Chain,,Type F
dojo6oct16,12,84ec1,<module>@infector.py_slice.py,SAME AS BEFORE,SAME AS BEFORE,,
dojo6oct16,13,c2083,NEW@<module>@infector.py_slice.py,Full Attack Chain,Full Attack Chain,,Type F
dojo6oct16,13,c2083,NEW@<body>@infector.py_slice.py,Full Attack Chain,Full Attack Chain,,Type F
dojo6oct16,14,0098c,<body>@infector.py_slice.py,SAME AS BEFORE,SAME AS BEFORE,,
dojo6oct16,14,0098c,<module>@infector.py_slice.py,SAME AS BEFORE,SAME AS BEFORE,,
dojo6oct16,15,36a16,NEW@<body>@infector.py_slice.py,Full Attack Chain,Full Attack Chain,,Type F
dojo6oct16,15,36a16,<module>@infector.py_slice.py,SAME AS BEFORE,SAME AS BEFORE,,
dojo6oct16,16,df504,NEW@<module>@infector.py_slice.py,Full Attack Chain,Full Attack Chain,,Type F
dojo6oct16,16,df504,NEW@<body>@infector.py_slice.py,Full Attack Chain,Full Attack Chain,,Type F
dojo6oct16,17,af251,NEW@<module>@infector.py_slice.py,Full Attack Chain,Full Attack Chain,,Type F
dojo6oct16,17,af251,NEW@<body>@infector.py_slice.py,Full Attack Chain,Full Attack Chain,,Type F
Doomed,0,d5b77,NEW@<module>@doomed.py_slice.py,Undetermined,Undetermined,,None
Doomed,0,d5b77,NEW@<module>@deneme.py_slice.py,Undetermined,Undetermined,,None
Doomed,0,d5b77,NEW@<body>@game_sprite_object.py_slice.py,Benign,Benign,,None
Doomed,0,d5b77,NEW@<module>@lock.py_slice.py,Full Attack Chain,Full Attack Chain,,Type K
Doomed,0,d5b77,NEW@<body>@game_npc.py_slice.py,Benign,Benign,,None
Doomed,1,1e3ca,NEW@<module>@doomed.py_slice.py,Undetermined,Undetermined,,None
Doomed,1,1e3ca,NEW@<body>@sprite_object.py_slice.py,Benign,Benign,,None
Doomed,1,1e3ca,NEW@<body>@game_sprite_object.py_slice.py,Benign,Benign,,None
Doomed,1,1e3ca,NEW@<body>@npc.py_slice.py,Benign,Benign,,None
Doomed,1,1e3ca,NEW@<module>@lock.py_slice.py,Full Attack Chain,Full Attack Chain,,Type K
Doomed,1,1e3ca,NEW@<body>@game_npc.py_slice.py,Benign,Benign,,None
Doomed,1,1e3ca,<module>@deneme.py_slice.py,SAME AS BEFORE,SAME AS BEFORE,,
Doomed,2,d1557,NEW@<module>@doomed.py_slice.py,Full Attack Chain,Core Attack Chain,outside file not extracted,Type K
Doomed,2,d1557,<module>@lock.py_slice.py,SAME AS BEFORE,SAME AS BEFORE,,
Doomed,2,d1557,NEW@<body>@sprite_object.py_slice.py,Benign,Benign,,None
Doomed,3,8e8c4,NEW@<body>@sprite_object.py_slice.py,Benign,Benign,,None
Doomed,3,8e8c4,NEW@<module>@lock.py_slice.py,Core Attack Chain,Core Attack Chain,,Type K
Doomed,3,8e8c4,<module>@doomed.py_slice.py,SAME AS BEFORE,SAME AS BEFORE,,
Doomed,4,01c74,NEW@<module>@DOOM_lock.py_slice.py,Core Attack Chain,Core Attack Chain,,Type K
Doomed,4,01c74,NEW@<module>@DOOM.py_slice.py,Full Attack Chain,Core Attack Chain,outside file not extracted,Type K
Doomed,4,01c74,NEW@<body>@DOOM_sprite_object.py_slice.py,Benign,Benign,,None
Doomed,4,01c74,NEW@<body>@DOOM_npc.py_slice.py,Benign,Benign,,None
Doomed,5,2b87d,<body>@DOOM_npc.py_slice.py,SAME AS BEFORE,SAME AS BEFORE,,
Doomed,5,2b87d,NEW@<module>@DOOM_lock.py_slice.py,Core Attack Chain,Core Attack Chain,,Type K
Doomed,5,2b87d,NEW@<module>@DOOM.py_slice.py,Full Attack Chain,Core Attack Chain,outside file not extracted,Type K
Doomed,5,2b87d,NEW@<body>@DOOM_sprite_object.py_slice.py,Benign,Benign,,None
Doomed,6,a580d,<module>@DOOM_lock.py_slice.py,SAME AS BEFORE,SAME AS BEFORE,,
Doomed,6,a580d,NEW@<module>@DOOM.py_slice.py,Full Attack Chain,Core Attack Chain,outside file not extracted,Type K
Doomed,6,a580d,NEW@<body>@DOOM_sprite_object.py_slice.py,Benign,Benign,,None
Doomed,7,920bf,NEW@<body>@DOOM_weapon.py_slice.py,Benign,Benign,,None
Doomed,7,920bf,NEW@<module>@DOOM_lock.py_slice.py,Full Attack Chain,Full Attack Chain,,Type K
Doomed,7,920bf,NEW@<module>@DOOM.py_slice.py,Full Attack Chain,Core Attack Chain,outside file not extracted,Type K
Doomed,7,920bf,NEW@<body>@DOOM_sprite_object.py_slice.py,Benign,Benign,,None
Doomed,7,920bf,NEW@<body>@DOOM_npc.py_slice.py,Benign,Benign,,None
Doomed,8,06b31,NEW@<body>@DOOM_weapon.py_slice.py,Benign,Benign,,None
Doomed,8,06b31,NEW@<module>@DOOM_lock.py_slice.py,Full Attack Chain,Full Attack Chain,,Type K
Doomed,8,06b31,NEW@<module>@DOOM.py_slice.py,Full Attack Chain,Core Attack Chain,outside file not extracted,Type K
Doomed,8,06b31,NEW@<body>@DOOM_sprite_object.py_slice.py,Benign,Benign,,None
Doomed,8,06b31,NEW@<body>@DOOM_npc.py_slice.py,Benign,Benign,,None
EvilCrow,0,402ea,NEW@<module>@EvilCrow.py_slice.py,Full Attack Chain,Full Attack Chain,,Type K
EvilCrow,1,2ec65,NEW@<module>@EvilCrow.py_slice.py,Full Attack Chain,Full Attack Chain,,Type K
EvilCrow,2,8c077,NEW@<module>@EvilCrow.py_slice.py,Full Attack Chain,Full Attack Chain,,Type K
funny-virus,0,5d0e8,NEW@<module>@1.py_slice.py,Core Attack Chain,Core Attack Chain,,Type A
funny-virus,1,410ec,NEW@<module>@1.py_slice.py,Core Attack Chain,Core Attack Chain,,Type A
funny-virus,1,410ec,NEW@<module>@sork_listner.py_slice.py,Undetermined,Undetermined,,None
funny-virus,1,410ec,NEW@<module>@sork.py_slice.py,Full Attack Chain,Full Attack Chain,,Type A
funny-virus,2,2cbb3,<module>@1.py_slice.py,SAME AS BEFORE,SAME AS BEFORE,,
funny-virus,2,2cbb3,NEW@<module>@sork_sork.py_slice.py,Full Attack Chain,Full Attack Chain,,Type A
funny-virus,2,2cbb3,<module>@sork_listner.py_slice.py,SAME AS BEFORE,SAME AS BEFORE,,
funny-virus,3,d3bdf,<module>@sork_sork.py_slice.py,SAME AS BEFORE,SAME AS BEFORE,,
funny-virus,3,d3bdf,NEW@<module>@sork_sork_listner.py_slice.py,Undetermined,Undetermined,,None
funny-virus,3,d3bdf,<module>@1.py_slice.py,SAME AS BEFORE,SAME AS BEFORE,,
funny-virus,4,5df84,<module>@sork_sork.py_slice.py,SAME AS BEFORE,SAME AS BEFORE,,
funny-virus,4,5df84,<module>@1.py_slice.py,SAME AS BEFORE,SAME AS BEFORE,,
funny-virus,4,5df84,<module>@sork_sork_listner.py_slice.py,SAME AS BEFORE,SAME AS BEFORE,,
funny-virus,5,e4e14,NEW@<module>@sork_sork_listner.py_slice.py,Undetermined,Undetermined,,None
funny-virus,5,e4e14,NEW@<module>@1.py_slice.py,Core Attack Chain,Core Attack Chain,,Type A
funny-virus,5,e4e14,NEW@<module>@riny_riny.py_slice.py,Full Attack Chain,Full Attack Chain,,Type A
funny-virus,6,e2566,<module>@1.py_slice.py,SAME AS BEFORE,SAME AS BEFORE,,
funny-virus,6,e2566,NEW@<module>@riny_riny_listner.py_slice.py,Undetermined,Undetermined,,None
funny-virus,6,e2566,<module>@riny_riny.py_slice.py,SAME AS BEFORE,SAME AS BEFORE,,
funny-virus,7,97ad1,<module>@1.py_slice.py,SAME AS BEFORE,SAME AS BEFORE,,
funny-virus,7,97ad1,NEW@<module>@papa_papa_socket.py_slice.py,Full Attack Chain,Full Attack Chain,,Type B
funny-virus,7,97ad1,<module>@riny_riny_listner.py_slice.py,SAME AS BEFORE,SAME AS BEFORE,,
funny-virus,7,97ad1,<module>@riny_riny.py_slice.py,SAME AS BEFORE,SAME AS BEFORE,,
funny-virus,8,0a71a,<module>@1.py_slice.py,SAME AS BEFORE,SAME AS BEFORE,,
funny-virus,8,0a71a,NEW@<module>@papa_papa_server.py_slice.py,Core Attack Chain,Core Attack Chain,,Type B
funny-virus,8,0a71a,<module>@riny_riny_listner.py_slice.py,SAME AS BEFORE,SAME AS BEFORE,,
funny-virus,8,0a71a,<module>@riny_riny.py_slice.py,SAME AS BEFORE,SAME AS BEFORE,,
funny-virus,8,0a71a,<module>@papa_papa_socket.py_slice.py,SAME AS BEFORE,SAME AS BEFORE,,
funny-virus,9,d48fd,NEW@<body>@papa_client.py_slice.py,Full Attack Chain,Full Attack Chain,,Type B
funny-virus,9,d48fd,NEW@<module>@papa_client.py_slice.py,Full Attack Chain,Full Attack Chain,,Type B
funny-virus,9,d48fd,<module>@1.py_slice.py,SAME AS BEFORE,SAME AS BEFORE,,
funny-virus,9,d48fd,<module>@papa_papa_server.py_slice.py,SAME AS BEFORE,SAME AS BEFORE,,
funny-virus,9,d48fd,<module>@riny_riny_listner.py_slice.py,SAME AS BEFORE,SAME AS BEFORE,,
funny-virus,9,d48fd,<module>@riny_riny.py_slice.py,SAME AS BEFORE,SAME AS BEFORE,,
funny-virus,9,d48fd,<module>@papa_papa_socket.py_slice.py,SAME AS BEFORE,SAME AS BEFORE,,
funny-virus,10,90791,NEW@<body>@papa_client.py_slice.py,Full Attack Chain,Full Attack Chain,,Type B
funny-virus,10,90791,NEW@<module>@papa_client.py_slice.py,Full Attack Chain,Full Attack Chain,,Type B
funny-virus,10,90791,<module>@1.py_slice.py,SAME AS BEFORE,SAME AS BEFORE,,
funny-virus,10,90791,<module>@papa_papa_server.py_slice.py,SAME AS BEFORE,SAME AS BEFORE,,
funny-virus,10,90791,<module>@riny_riny_listner.py_slice.py,SAME AS BEFORE,SAME AS BEFORE,,
funny-virus,10,90791,NEW@<body>@papa_server.py_slice.py,Core Attack Chain,Core Attack Chain,,Type B
funny-virus,10,90791,<module>@riny_riny.py_slice.py,SAME AS BEFORE,SAME AS BEFORE,,
funny-virus,10,90791,<module>@papa_papa_socket.py_slice.py,SAME AS BEFORE,SAME AS BEFORE,,
funny-virus,10,90791,NEW@<module>@papa_server.py_slice.py,Full Attack Chain,Full Attack Chain,,Type B
funny-virus,11,d8dd7,NEW@<body>@papa_client.py_slice.py,Full Attack Chain,Full Attack Chain,,Type B
funny-virus,11,d8dd7,NEW@<module>@papa_client.py_slice.py,Full Attack Chain,Full Attack Chain,,Type B
funny-virus,11,d8dd7,NEW@<module>@1.py_slice.py,Core Attack Chain,Core Attack Chain,,Type A
funny-virus,11,d8dd7,NEW@<module>@papa_papa_server.py_slice.py,Core Attack Chain,Core Attack Chain,,Type B
funny-virus,11,d8dd7,NEW@<module>@riny_riny_listner.py_slice.py,Undetermined,Undetermined,,None
funny-virus,11,d8dd7,NEW@<module>@riny_riny.py_slice.py,Full Attack Chain,Full Attack Chain,,Type A
funny-virus,11,d8dd7,NEW@<module>@papa_papa_socket.py_slice.py,Full Attack Chain,Full Attack Chain,,Type B
funny-virus,11,d8dd7,NEW@<body>@papa_server.py_slice.py,Core Attack Chain,Core Attack Chain,,Type B
funny-virus,11,d8dd7,NEW@<module>@papa_server.py_slice.py,Core Attack Chain,Core Attack Chain,,Type B
funny-virus,12,909c5,NEW@<body>@papa_client.py_slice.py,Full Attack Chain,Full Attack Chain,,Type B
funny-virus,12,909c5,NEW@<module>@papa_client.py_slice.py,Full Attack Chain,Full Attack Chain,,Type B
funny-virus,12,909c5,NEW@<module>@1.py_slice.py,Core Attack Chain,Core Attack Chain,,Type A
funny-virus,12,909c5,NEW@<module>@papa_papa_server.py_slice.py,Core Attack Chain,Core Attack Chain,,Type B
funny-virus,12,909c5,NEW@<module>@riny_riny_listner.py_slice.py,Core Attack Chain,Core Attack Chain,,Type A
funny-virus,12,909c5,NEW@<module>@riny_riny.py_slice.py,Full Attack Chain,Full Attack Chain,,Type A
funny-virus,12,909c5,NEW@<module>@papa_papa_socket.py_slice.py,Full Attack Chain,Full Attack Chain,,Type B
funny-virus,12,909c5,NEW@<module>@usb_history.py_slice.py,Benign,Benign,,None
funny-virus,12,909c5,NEW@<body>@papa_server.py_slice.py,Core Attack Chain,Core Attack Chain,,Type B
funny-virus,12,909c5,NEW@<module>@papa_server.py_slice.py,Core Attack Chain,Core Attack Chain,,Type B
funny-virus,13,578e1,NEW@<body>@papa_client.py_slice.py,Full Attack Chain,Full Attack Chain,,Type B
funny-virus,13,578e1,NEW@<module>@papa_client.py_slice.py,Full Attack Chain,Full Attack Chain,,Type B
funny-virus,13,578e1,NEW@<module>@1.py_slice.py,Core Attack Chain,Core Attack Chain,,Type A
funny-virus,13,578e1,NEW@<module>@papa_papa_server.py_slice.py,Core Attack Chain,Core Attack Chain,,Type B
funny-virus,13,578e1,NEW@<module>@riny_riny_listner.py_slice.py,Undetermined,Undetermined,,None
funny-virus,13,578e1,NEW@<module>@riny_riny.py_slice.py,Full Attack Chain,Full Attack Chain,,Type A
funny-virus,13,578e1,NEW@<module>@papa_papa_socket.py_slice.py,Full Attack Chain,Full Attack Chain,,Type B
funny-virus,13,578e1,NEW@<module>@usb_history.py_slice.py,Benign,Benign,,None
funny-virus,13,578e1,NEW@<body>@papa_server.py_slice.py,Core Attack Chain,Core Attack Chain,,Type B
funny-virus,13,578e1,NEW@<module>@papa_server.py_slice.py,Core Attack Chain,Core Attack Chain,,Type B
funny-virus,14,e69ef,NEW@<body>@papa_payload.py_slice.py,Full Attack Chain,Full Attack Chain,,Type B
funny-virus,14,e69ef,NEW@<body>@papa_client.py_slice.py,Full Attack Chain,Full Attack Chain,,Type B
funny-virus,14,e69ef,NEW@<module>@papa_client.py_slice.py,Full Attack Chain,Full Attack Chain,,Type B
funny-virus,14,e69ef,NEW@<module>@1.py_slice.py,Core Attack Chain,Core Attack Chain,,Type A
funny-virus,14,e69ef,NEW@<module>@papa_payload.py_slice.py,Full Attack Chain,Full Attack Chain,,Type B
funny-virus,14,e69ef,NEW@<module>@papa_papa_server.py_slice.py,Core Attack Chain,Core Attack Chain,,Type B
funny-virus,14,e69ef,NEW@<module>@riny_riny_listner.py_slice.py,Undetermined,Undetermined,,None
funny-virus,14,e69ef,NEW@<module>@riny_riny.py_slice.py,Full Attack Chain,Full Attack Chain,,Type A
funny-virus,14,e69ef,NEW@<module>@papa_papa_socket.py_slice.py,Full Attack Chain,Full Attack Chain,,Type B
funny-virus,14,e69ef,NEW@<module>@usb_history.py_slice.py,Benign,Benign,,None
funny-virus,14,e69ef,NEW@<body>@papa_server.py_slice.py,Core Attack Chain,Core Attack Chain,,Type B
funny-virus,14,e69ef,NEW@<module>@papa_server.py_slice.py,Full Attack Chain,Full Attack Chain,,Type B
funny-virus,15,11668,NEW@<body>@papa_socket.py_slice.py,Core Attack Chain,Core Attack Chain,,Type B
funny-virus,15,11668,<body>@papa_client.py_slice.py,SAME AS BEFORE,SAME AS BEFORE,,
funny-virus,15,11668,<module>@1.py_slice.py,SAME AS BEFORE,SAME AS BEFORE,,
funny-virus,15,11668,<module>@papa_payload.py_slice.py,SAME AS BEFORE,SAME AS BEFORE,,
funny-virus,15,11668,<module>@papa_papa_server.py_slice.py,SAME AS BEFORE,SAME AS BEFORE,,
funny-virus,15,11668,NEW@<module>@papa_papa_socket.py_slice.py,Full Attack Chain,Full Attack Chain,,Type B
funny-virus,15,11668,<module>@riny_riny_listner.py_slice.py,SAME AS BEFORE,SAME AS BEFORE,,
funny-virus,15,11668,<module>@papa_server.py_slice.py,SAME AS BEFORE,SAME AS BEFORE,,
funny-virus,15,11668,<module>@usb_history.py_slice.py,SAME AS BEFORE,SAME AS BEFORE,,
funny-virus,15,11668,<module>@riny_riny.py_slice.py,SAME AS BEFORE,SAME AS BEFORE,,
funny-virus,15,11668,<body>@papa_server.py_slice.py,SAME AS BEFORE,SAME AS BEFORE,,
funny-virus,15,11668,<module>@papa_client.py_slice.py,SAME AS BEFORE,SAME AS BEFORE,,
funny-virus,15,11668,<body>@papa_payload.py_slice.py,SAME AS BEFORE,SAME AS BEFORE,,
funny-virus,15,11668,NEW@<module>@papa_socket.py_slice.py,Core Attack Chain,Core Attack Chain,,Type B
funny-virus,16,ad64d,NEW@<body>@papa_payload.py_slice.py,Full Attack Chain,Full Attack Chain,,Type B
funny-virus,16,ad64d,NEW@<body>@papa_socket.py_slice.py,Core Attack Chain,Core Attack Chain,,Type B
funny-virus,16,ad64d,NEW@<body>@papa_client.py_slice.py,Full Attack Chain,Full Attack Chain,,Type B
funny-virus,16,ad64d,NEW@<module>@papa_client.py_slice.py,Full Attack Chain,Full Attack Chain,,Type B
funny-virus,16,ad64d,NEW@<module>@1.py_slice.py,Core Attack Chain,Core Attack Chain,,Type A
funny-virus,16,ad64d,NEW@<module>@papa_payload.py_slice.py,Full Attack Chain,Full Attack Chain,,Type B
funny-virus,16,ad64d,NEW@<module>@papa_papa_server.py_slice.py,Core Attack Chain,Core Attack Chain,,Type B
funny-virus,16,ad64d,NEW@<module>@Birthday_Message_Bomb_superstar.py_slice.py,Benign,Benign,,None
funny-virus,16,ad64d,NEW@<module>@riny_riny_listner.py_slice.py,Undetermined,Undetermined,,None
funny-virus,16,ad64d,NEW@<module>@riny_riny.py_slice.py,Full Attack Chain,Full Attack Chain,,Type A
funny-virus,16,ad64d,NEW@<module>@papa_papa_socket.py_slice.py,Full Attack Chain,Full Attack Chain,,Type B
funny-virus,16,ad64d,NEW@<module>@usb_history.py_slice.py,Benign,Benign,,None
funny-virus,16,ad64d,NEW@<body>@papa_server.py_slice.py,Full Attack Chain,Full Attack Chain,,Type B
funny-virus,16,ad64d,NEW@<module>@papa_server.py_slice.py,Core Attack Chain,Core Attack Chain,,Type B
funny-virus,16,ad64d,NEW@<module>@papa_socket.py_slice.py,Full Attack Chain,Full Attack Chain,,Type B
funny-virus,17,5776f,<body>@papa_client.py_slice.py,SAME AS BEFORE,SAME AS BEFORE,,
funny-virus,17,5776f,<module>@1.py_slice.py,SAME AS BEFORE,SAME AS BEFORE,,
funny-virus,17,5776f,<module>@papa_payload.py_slice.py,SAME AS BEFORE,SAME AS BEFORE,,
funny-virus,17,5776f,<body>@papa_socket.py_slice.py,SAME AS BEFORE,SAME AS BEFORE,,
funny-virus,17,5776f,<module>@papa_papa_server.py_slice.py,SAME AS BEFORE,SAME AS BEFORE,,
funny-virus,17,5776f,NEW@<module>@Birthday_Message_Bomb_superstar.py_slice.py,Full Attack Chain,Full Attack Chain,,Type K
funny-virus,17,5776f,<module>@riny_riny_listner.py_slice.py,SAME AS BEFORE,SAME AS BEFORE,,
funny-virus,17,5776f,<module>@papa_server.py_slice.py,SAME AS BEFORE,SAME AS BEFORE,,
funny-virus,17,5776f,<module>@usb_history.py_slice.py,SAME AS BEFORE,SAME AS BEFORE,,
funny-virus,17,5776f,<module>@riny_riny.py_slice.py,SAME AS BEFORE,SAME AS BEFORE,,
funny-virus,17,5776f,<module>@papa_socket.py_slice.py,SAME AS BEFORE,SAME AS BEFORE,,
funny-virus,17,5776f,<body>@papa_server.py_slice.py,SAME AS BEFORE,SAME AS BEFORE,,
funny-virus,17,5776f,<module>@papa_client.py_slice.py,SAME AS BEFORE,SAME AS BEFORE,,
funny-virus,17,5776f,<module>@papa_papa_socket.py_slice.py,SAME AS BEFORE,SAME AS BEFORE,,
funny-virus,17,5776f,<body>@papa_payload.py_slice.py,SAME AS BEFORE,SAME AS BEFORE,,
funny-virus,18,3e3b2,<module>@papa_payload.py_slice.py,SAME AS BEFORE,SAME AS BEFORE,,
funny-virus,18,3e3b2,<module>@riny_riny_listner.py_slice.py,SAME AS BEFORE,SAME AS BEFORE,,
funny-virus,18,3e3b2,<module>@papa_server.py_slice.py,SAME AS BEFORE,SAME AS BEFORE,,
funny-virus,18,3e3b2,<module>@usb_history.py_slice.py,SAME AS BEFORE,SAME AS BEFORE,,
funny-virus,18,3e3b2,<module>@papa_socket.py_slice.py,SAME AS BEFORE,SAME AS BEFORE,,
funny-virus,18,3e3b2,<module>@papa_papa_socket.py_slice.py,SAME AS BEFORE,SAME AS BEFORE,,
HackerDoomsday,2,4533e,NEW@<module>@main.py_slice.py,Full Attack Chain,Full Attack Chain,,Type K
HackerDoomsday,3,90d6a,NEW@<module>@main.py_slice.py,Full Attack Chain,Full Attack Chain,,Type K
HackerDoomsday,3,90d6a,NEW@<module>@multimedia.py_slice.py,Full Attack Chain,Full Attack Chain,,Type K
HackerDoomsday,3,90d6a,NEW@<module>@start_gdi.py_slice.py,Full Attack Chain,Full Attack Chain,,Type K
HackerDoomsday,3,90d6a,NEW@<module>@gui.py_slice.py,Full Attack Chain,Full Attack Chain,,Type K
HackerDoomsday,3,90d6a,NEW@<module>@regedit_and_virus_safe.py_slice.py,Full Attack Chain,Full Attack Chain,,Type D
HackerDoomsday,4,4dce8,NEW@<module>@main.py_slice.py,Full Attack Chain,Full Attack Chain,,Type K
HackerDoomsday,4,4dce8,NEW@<module>@multimedia.py_slice.py,Full Attack Chain,Full Attack Chain,,Type K
HackerDoomsday,4,4dce8,NEW@<module>@start_gdi.py_slice.py,Full Attack Chain,Full Attack Chain,,Type K
HackerDoomsday,4,4dce8,NEW@<module>@gui.py_slice.py,Full Attack Chain,Full Attack Chain,,Type K
HackerDoomsday,4,4dce8,NEW@<module>@regedit_and_virus_safe.py_slice.py,Full Attack Chain,Full Attack Chain,,Type D
HackerDoomsday,5,96855,NEW@<module>@main.py_slice.py,Full Attack Chain,Full Attack Chain,,Type K
HackerDoomsday,5,96855,<module>@start_gdi.py_slice.py,SAME AS BEFORE,SAME AS BEFORE,,
HackerDoomsday,5,96855,NEW@<module>@gui.py_slice.py,Full Attack Chain,Full Attack Chain,,Type K
HackerDoomsday,5,96855,<module>@regedit_and_virus_safe.py_slice.py,SAME AS BEFORE,SAME AS BEFORE,,
HackerDoomsday,5,96855,<module>@multimedia.py_slice.py,SAME AS BEFORE,SAME AS BEFORE,,
HackerDoomsday,6,74617,NEW@<module>@main.py_slice.py,Full Attack Chain,Full Attack Chain,,Type K
HackerDoomsday,6,74617,<module>@start_gdi.py_slice.py,SAME AS BEFORE,SAME AS BEFORE,,
HackerDoomsday,6,74617,NEW@<module>@gui.py_slice.py,Full Attack Chain,Full Attack Chain,,Type K
HackerDoomsday,6,74617,<module>@regedit_and_virus_safe.py_slice.py,SAME AS BEFORE,SAME AS BEFORE,,
HackerDoomsday,6,74617,<module>@multimedia.py_slice.py,SAME AS BEFORE,SAME AS BEFORE,,
HackerDoomsday,7,55bbf,NEW@<module>@main.py_slice.py,Full Attack Chain,Full Attack Chain,,Type K
HackerDoomsday,7,55bbf,NEW@<module>@multimedia.py_slice.py,Full Attack Chain,Full Attack Chain,,Type K
HackerDoomsday,7,55bbf,<module>@start_gdi.py_slice.py,SAME AS BEFORE,SAME AS BEFORE,,
HackerDoomsday,7,55bbf,NEW@<module>@gui.py_slice.py,Full Attack Chain,Full Attack Chain,,Type K
HackerDoomsday,7,55bbf,<module>@regedit_and_virus_safe.py_slice.py,SAME AS BEFORE,SAME AS BEFORE,,
HackerDoomsday,8,63891,NEW@<module>@main.py_slice.py,Full Attack Chain,Full Attack Chain,,Type K
HackerDoomsday,8,63891,NEW@<module>@multimedia.py_slice.py,Full Attack Chain,Full Attack Chain,,Type K
HackerDoomsday,8,63891,<module>@start_gdi.py_slice.py,SAME AS BEFORE,SAME AS BEFORE,,
HackerDoomsday,8,63891,NEW@<module>@gui.py_slice.py,Full Attack Chain,Full Attack Chain,,Type K
HackerDoomsday,8,63891,NEW@<module>@regedit_and_virus_safe.py_slice.py,Full Attack Chain,Undetermined,slice extract unfully,None
HackerDoomsday,9,587b0,NEW@<module>@main.py_slice.py,Full Attack Chain,Full Attack Chain,,Type K
HackerDoomsday,9,587b0,NEW@<module>@multimedia.py_slice.py,Full Attack Chain,Full Attack Chain,,Type K
HackerDoomsday,9,587b0,NEW@<module>@start_gdi.py_slice.py,Full Attack Chain,Full Attack Chain,,Type K
HackerDoomsday,9,587b0,NEW@<module>@gui.py_slice.py,Full Attack Chain,Full Attack Chain,,Type K
HackerDoomsday,9,587b0,NEW@<module>@regedit_and_virus_safe.py_slice.py,Full Attack Chain,Core Attack Chain,slice extract unfully,Type K
HackerDoomsday,10,b73db,NEW@<module>@main.py_slice.py,Full Attack Chain,Full Attack Chain,,Type K
HackerDoomsday,10,b73db,<module>@start_gdi.py_slice.py,SAME AS BEFORE,SAME AS BEFORE,,
HackerDoomsday,10,b73db,NEW@<module>@gui.py_slice.py,Full Attack Chain,Full Attack Chain,,Type K
HackerDoomsday,10,b73db,<module>@regedit_and_virus_safe.py_slice.py,SAME AS BEFORE,SAME AS BEFORE,,
HackerDoomsday,10,b73db,<module>@multimedia.py_slice.py,SAME AS BEFORE,SAME AS BEFORE,,
HackerDoomsday,11,cfc7a,NEW@<module>@main.py_slice.py,Full Attack Chain,Full Attack Chain,,Type K
HackerDoomsday,11,cfc7a,<module>@start_gdi.py_slice.py,SAME AS BEFORE,SAME AS BEFORE,,
HackerDoomsday,11,cfc7a,NEW@<module>@gui.py_slice.py,Full Attack Chain,Full Attack Chain,,Type K
HackerDoomsday,11,cfc7a,<module>@regedit_and_virus_safe.py_slice.py,SAME AS BEFORE,SAME AS BEFORE,,
HackerDoomsday,11,cfc7a,<module>@multimedia.py_slice.py,SAME AS BEFORE,SAME AS BEFORE,,
HackerDoomsday,12,22e8b,NEW@<module>@main.py_slice.py,Full Attack Chain,Full Attack Chain,,Type K
HackerDoomsday,12,22e8b,NEW@<module>@multimedia.py_slice.py,Full Attack Chain,Full Attack Chain,,Type K
HackerDoomsday,12,22e8b,<module>@start_gdi.py_slice.py,SAME AS BEFORE,SAME AS BEFORE,,
HackerDoomsday,12,22e8b,NEW@<module>@gui.py_slice.py,Full Attack Chain,Full Attack Chain,,Type K
HackerDoomsday,12,22e8b,NEW@<module>@regedit_and_virus_safe.py_slice.py,Full Attack Chain,Core Attack Chain,slice extract unfully,Type D
HackerDoomsday,13,584b5,NEW@<module>@main.py_slice.py,Full Attack Chain,Full Attack Chain,,Type K
HackerDoomsday,13,584b5,NEW@<module>@multimedia.py_slice.py,Full Attack Chain,Full Attack Chain,,Type K
HackerDoomsday,13,584b5,<module>@start_gdi.py_slice.py,SAME AS BEFORE,SAME AS BEFORE,,
HackerDoomsday,13,584b5,NEW@<module>@gui.py_slice.py,Full Attack Chain,Full Attack Chain,,Type K
HackerDoomsday,13,584b5,<module>@regedit_and_virus_safe.py_slice.py,SAME AS BEFORE,SAME AS BEFORE,,
HackerDoomsday,14,79e7c,NEW@<module>@main.py_slice.py,Full Attack Chain,Full Attack Chain,,Type K
HackerDoomsday,14,79e7c,NEW@worker@regedit_and_virus_safe.py_slice.py,Core Attack Chain,Core Attack Chain,,Type K
HackerDoomsday,14,79e7c,<module>@start_gdi.py_slice.py,SAME AS BEFORE,SAME AS BEFORE,,
HackerDoomsday,14,79e7c,NEW@<module>@gui.py_slice.py,Full Attack Chain,Full Attack Chain,,Type K
HackerDoomsday,14,79e7c,NEW@<module>@regedit_and_virus_safe.py_slice.py,Full Attack Chain,Core Attack Chain,slice extract unfully,Type D
HackerDoomsday,14,79e7c,<module>@multimedia.py_slice.py,SAME AS BEFORE,SAME AS BEFORE,,
HackerDoomsday,15,2b860,NEW@<module>@main.py_slice.py,Full Attack Chain,Full Attack Chain,,Type K
HackerDoomsday,15,2b860,NEW@<module>@multimedia.py_slice.py,Full Attack Chain,Full Attack Chain,,Type K
HackerDoomsday,15,2b860,NEW@<module>@start_gdi.py_slice.py,Full Attack Chain,Full Attack Chain,,Type K
HackerDoomsday,15,2b860,NEW@<module>@gui.py_slice.py,Full Attack Chain,Full Attack Chain,,Type K
HackerDoomsday,15,2b860,NEW@<module>@regedit_and_virus_safe.py_slice.py,Full Attack Chain,Core Attack Chain,slice extract unfully,Type D
HackerDoomsday,16,de183,NEW@<module>@main.py_slice.py,Full Attack Chain,Full Attack Chain,,Type K
HackerDoomsday,16,de183,NEW@<module>@multimedia.py_slice.py,Full Attack Chain,Full Attack Chain,,Type K
HackerDoomsday,16,de183,NEW@<module>@start_gdi.py_slice.py,Full Attack Chain,Full Attack Chain,,Type K
HackerDoomsday,16,de183,NEW@<module>@gui.py_slice.py,Full Attack Chain,Full Attack Chain,,Type K
HackerDoomsday,16,de183,NEW@<module>@regedit_and_virus_safe.py_slice.py,Full Attack Chain,Core Attack Chain,slice extract unfully,Type K
HackerDoomsday,17,2bf39,NEW@<module>@main.py_slice.py,Full Attack Chain,Full Attack Chain,,Type K
HackerDoomsday,17,2bf39,NEW@<module>@multimedia.py_slice.py,Full Attack Chain,Full Attack Chain,,Type K
HackerDoomsday,17,2bf39,<module>@start_gdi.py_slice.py,SAME AS BEFORE,SAME AS BEFORE,,
HackerDoomsday,17,2bf39,NEW@<module>@gui.py_slice.py,Full Attack Chain,Core Attack Chain,K:Hallucination,Type K
HackerDoomsday,17,2bf39,NEW@<module>@regedit_and_virus_safe.py_slice.py,Full Attack Chain,Core Attack Chain,slice extract unfully,Type K
HackerDoomsday,18,b4360,NEW@<module>@main.py_slice.py,Full Attack Chain,Full Attack Chain,,Type K
HackerDoomsday,18,b4360,NEW@worker@regedit_and_virus_safe.py_slice.py,Benign,Benign,,None
HackerDoomsday,18,b4360,<module>@start_gdi.py_slice.py,SAME AS BEFORE,SAME AS BEFORE,,
HackerDoomsday,18,b4360,NEW@<module>@gui.py_slice.py,Full Attack Chain,Full Attack Chain,,Type K
HackerDoomsday,18,b4360,NEW@<module>@regedit_and_virus_safe.py_slice.py,Undetermined,Undetermined,,None
HackerDoomsday,18,b4360,<module>@multimedia.py_slice.py,SAME AS BEFORE,SAME AS BEFORE,,
HackerDoomsday,19,09785,NEW@<module>@main.py_slice.py,Full Attack Chain,Full Attack Chain,,Type K
HackerDoomsday,19,09785,NEW@<module>@multimedia.py_slice.py,Full Attack Chain,Full Attack Chain,,Type K
HackerDoomsday,19,09785,worker@unknown_slice.py,SAME AS BEFORE,SAME AS BEFORE,,
HackerDoomsday,19,09785,<module>@start_gdi.py_slice.py,SAME AS BEFORE,SAME AS BEFORE,,
HackerDoomsday,19,09785,NEW@<module>@gui.py_slice.py,Full Attack Chain,Full Attack Chain,,Type K
HackerDoomsday,19,09785,<module>@regedit_and_virus_safe.py_slice.py,SAME AS BEFORE,SAME AS BEFORE,,
HackerDoomsday,20,9b8ec,NEW@<module>@main.py_slice.py,Full Attack Chain,Full Attack Chain,,Type K
HackerDoomsday,20,9b8ec,NEW@<module>@multimedia.py_slice.py,Full Attack Chain,Full Attack Chain,,Type K
HackerDoomsday,20,9b8ec,NEW@<module>@start_gdi.py_slice.py,Full Attack Chain,Full Attack Chain,,Type K
HackerDoomsday,20,9b8ec,NEW@<module>@gui.py_slice.py,Full Attack Chain,Full Attack Chain,,Type K
HackerDoomsday,20,9b8ec,NEW@<module>@regedit_and_virus_safe.py_slice.py,Full Attack Chain,Core Attack Chain,slice extract unfully,Type K
HackerDoomsday,21,88b3c,NEW@<module>@main.py_slice.py,Full Attack Chain,Full Attack Chain,,Type K
HackerDoomsday,21,88b3c,NEW@<module>@multimedia.py_slice.py,Full Attack Chain,Full Attack Chain,,Type K
HackerDoomsday,21,88b3c,<module>@start_gdi.py_slice.py,SAME AS BEFORE,SAME AS BEFORE,,
HackerDoomsday,21,88b3c,NEW@<module>@gui.py_slice.py,Full Attack Chain,Full Attack Chain,,Type K
HackerDoomsday,21,88b3c,NEW@<module>@regedit_and_virus_safe.py_slice.py,Full Attack Chain,Core Attack Chain,slice extract unfully,Type K
HackerDoomsday,22,3b318,NEW@<module>@main.py_slice.py,Full Attack Chain,Full Attack Chain,,Type K
HackerDoomsday,22,3b318,NEW@<module>@multimedia.py_slice.py,Full Attack Chain,Full Attack Chain,,Type K
HackerDoomsday,22,3b318,<module>@start_gdi.py_slice.py,SAME AS BEFORE,SAME AS BEFORE,,
HackerDoomsday,22,3b318,NEW@<module>@gui.py_slice.py,Full Attack Chain,Full Attack Chain,,Type K
HackerDoomsday,22,3b318,<module>@regedit_and_virus_safe.py_slice.py,SAME AS BEFORE,SAME AS BEFORE,,
HackerDoomsday,23,cc00d,NEW@<module>@main.py_slice.py,Full Attack Chain,Full Attack Chain,,Type K
HackerDoomsday,23,cc00d,NEW@<module>@multimedia.py_slice.py,Full Attack Chain,Full Attack Chain,,Type K
HackerDoomsday,23,cc00d,<module>@start_gdi.py_slice.py,SAME AS BEFORE,SAME AS BEFORE,,
HackerDoomsday,23,cc00d,NEW@<module>@gui.py_slice.py,Full Attack Chain,Full Attack Chain,,Type K
HackerDoomsday,23,cc00d,NEW@<module>@regedit_and_virus_safe.py_slice.py,Full Attack Chain,Full Attack Chain,,Type K
Hallucinate,0,1ab46,NEW@<module>@compiler.py_slice.py,Benign,Benign,,None
Hallucinate,1,1971e,NEW@<module>@compiler.py_slice.py,Benign,Benign,,None
Hallucinate,2,cf047,<module>@compiler.py_slice.py,SAME AS BEFORE,SAME AS BEFORE,,
Hallucinate,3,ea14a,<module>@compiler.py_slice.py,SAME AS BEFORE,SAME AS BEFORE,,
Hallucinate,4,961c9,NEW@<module>@main.py_slice.py,Full Attack Chain,Core Attack Chain,slice extract unfully winows API,Type D
Hallucinate,4,961c9,<module>@compiler.py_slice.py,SAME AS BEFORE,SAME AS BEFORE,,
Infinite-Folder-Virus,0,ba7bd,attacker.py__module__slice.py,SAME AS BEFORE,SAME AS BEFORE,,
Infinite-Folder-Virus,1,4a9ea,NEW@<module>@attacker.py_slice.py,Full Attack Chain,Full Attack Chain,,Type K
Infinite-Folder-Virus,2,65556,NEW@<module>@test.py_slice.py,Benign,Benign,,None
Infinite-Folder-Virus,2,65556,NEW@<module>@attacker.py_slice.py,Full Attack Chain,Full Attack Chain,,Type K
Infinite-Folder-Virus,3,7ac4d,NEW@<module>@attacker.py_slice.py,Full Attack Chain,Full Attack Chain,,Type K
Infinite-Folder-Virus,4,88f37,NEW@<module>@attacker.py_slice.py,Full Attack Chain,Full Attack Chain,,Type K
Infinite-Folder-Virus,4,88f37,NEW@<module>@base.py_slice.py,Undetermined,Undetermined,,None
Infinite-Folder-Virus,5,2118e,NEW@<module>@attacker.py_slice.py,Full Attack Chain,Full Attack Chain,,Type K
Infinite-Folder-Virus,5,2118e,NEW@<module>@base.py_slice.py,Undetermined,Undetermined,,None
Infinite-Folder-Virus,6,90d1d,NEW@<module>@attacker.py_slice.py,Full Attack Chain,Full Attack Chain,,Type K
Infinite-Folder-Virus,6,90d1d,NEW@<module>@base.py_slice.py,Undetermined,Undetermined,,None
Infinite-Folder-Virus,7,a6604,NEW@<module>@attacker.py_slice.py,Full Attack Chain,Full Attack Chain,,Type K
Infinite-Folder-Virus,7,a6604,NEW@<module>@base.py_slice.py,Undetermined,Undetermined,,None
Infinite-Folder-Virus,8,4f6a1,NEW@<module>@test.py_slice.py,Undetermined,Undetermined,,None
Infinite-Folder-Virus,8,4f6a1,NEW@<module>@attacker.py_slice.py,Full Attack Chain,Full Attack Chain,,Type K
Infinite-Folder-Virus,8,4f6a1,NEW@<module>@base.py_slice.py,Full Attack Chain,Full Attack Chain,,Type K
Infinite-Folder-Virus,9,f5eb8,NEW@<module>@test.py_slice.py,Benign,Benign,,None
Infinite-Folder-Virus,9,f5eb8,NEW@<module>@attacker.py_slice.py,Full Attack Chain,Full Attack Chain,,Type K
Infinite-Folder-Virus,9,f5eb8,NEW@<module>@base.py_slice.py,Full Attack Chain,Full Attack Chain,,Type K
Infinite-Folder-Virus,10,eb4ab,NEW@<module>@attacker.py_slice.py,Full Attack Chain,Full Attack Chain,,Type K
Infinite-Folder-Virus,10,eb4ab,NEW@<module>@EnvCreator.py_slice.py,Benign,Benign,,None
Infinite-Folder-Virus,10,eb4ab,NEW@<module>@base.py_slice.py,Core Attack Chain,Core Attack Chain,,Type K
Infinite-Folder-Virus,11,983cf,NEW@<module>@attacker.py_slice.py,Full Attack Chain,Full Attack Chain,,Type K
Infinite-Folder-Virus,11,983cf,NEW@<module>@EnvCreator.py_slice.py,Benign,Benign,,None
Infinite-Folder-Virus,11,983cf,NEW@<module>@base.py_slice.py,Core Attack Chain,Full Attack Chain,can't find unreachable,Type K
Infinite-Folder-Virus,12,a5995,NEW@<module>@attacker.py_slice.py,Full Attack Chain,Full Attack Chain,,Type K
Infinite-Folder-Virus,12,a5995,NEW@<module>@EnvCreator.py_slice.py,Benign,Benign,,None
Infinite-Folder-Virus,12,a5995,NEW@<module>@base.py_slice.py,Core Attack Chain,Full Attack Chain,can't find unreachable,Type K
Infinite-Folder-Virus,13,903ad,NEW@<module>@attacker.py_slice.py,Full Attack Chain,Full Attack Chain,,Type K
Infinite-Folder-Virus,13,903ad,NEW@<module>@EnvCreator.py_slice.py,Benign,Benign,,None
Infinite-Folder-Virus,13,903ad,NEW@<module>@base.py_slice.py,Core Attack Chain,Full Attack Chain,can't find unreachable,Type K
Infinite-Folder-Virus,14,8c8d1,<module>@base.py_slice.py,SAME AS BEFORE,SAME AS BEFORE,,
Infinite-Folder-Virus,14,8c8d1,<module>@EnvCreator.py_slice.py,SAME AS BEFORE,SAME AS BEFORE,,
Infinite-Folder-Virus,14,8c8d1,NEW@<module>@attacker.py_slice.py,Full Attack Chain,Full Attack Chain,,Type K
Infinite-Folder-Virus,15,f9ce1,<module>@EnvCreator.py_slice.py,SAME AS BEFORE,SAME AS BEFORE,,
Infinite-Folder-Virus,15,f9ce1,NEW@<module>@attacker.py_slice.py,Full Attack Chain,Full Attack Chain,,Type K
Infinite-Folder-Virus,15,f9ce1,NEW@<module>@base.py_slice.py,Core Attack Chain,Full Attack Chain,can't find unreachable,Type K
Infinite-Folder-Virus,16,1c08f,NEW@<module>@ctypesTest.py_slice.py,Benign,Benign,,None
Infinite-Folder-Virus,16,1c08f,NEW@<module>@attacker.py_slice.py,Full Attack Chain,Full Attack Chain,,Type K
Infinite-Folder-Virus,16,1c08f,NEW@<module>@EnvCreator.py_slice.py,Benign,Undetermined,,None
Infinite-Folder-Virus,16,1c08f,NEW@<module>@base.py_slice.py,Core Attack Chain,Full Attack Chain,can't find unreachable,Type K
Infinite-Folder-Virus,17,9f429,NEW@<module>@ctypesTest.py_slice.py,Benign,Benign,,None
Infinite-Folder-Virus,17,9f429,NEW@<module>@attacker.py_slice.py,Full Attack Chain,Full Attack Chain,,Type K
Infinite-Folder-Virus,17,9f429,NEW@<module>@EnvCreator.py_slice.py,Benign,Undetermined,,None
Infinite-Folder-Virus,17,9f429,NEW@<module>@base.py_slice.py,Core Attack Chain,Full Attack Chain,can't find unreachable,Type K
Infinite-Folder-Virus,18,926e2,NEW@<module>@Fbscraper.py_slice.py,Benign,Undetermined,,None
Infinite-Folder-Virus,18,926e2,NEW@<module>@attacker.py_slice.py,Full Attack Chain,Full Attack Chain,,Type K
Infinite-Folder-Virus,18,926e2,NEW@<module>@EnvCreator.py_slice.py,Benign,Undetermined,,None
Infinite-Folder-Virus,18,926e2,NEW@<module>@base.py_slice.py,Core Attack Chain,Full Attack Chain,can't find unreachable,Type K
Infinite-Folder-Virus,19,4e4db,NEW@<module>@Fbscraper.py_slice.py,Benign,Undetermined,,None
Infinite-Folder-Virus,19,4e4db,NEW@<module>@attacker.py_slice.py,Full Attack Chain,Full Attack Chain,,Type K
Infinite-Folder-Virus,19,4e4db,NEW@<module>@EnvCreator.py_slice.py,Benign,Undetermined,,None
Infinite-Folder-Virus,19,4e4db,NEW@<module>@base.py_slice.py,Core Attack Chain,Core Attack Chain,,Type K
iobdug_malware_py,0,6349e,NEW@<module>@executable.py_slice.py,Benign,Benign,,None
iobdug_malware_py,1,8601a,NEW@<module>@executable.py_slice.py,Core Attack Chain,Core Attack Chain,,Type J
iobdug_malware_py,2,5d3d8,NEW@<module>@executable.py_slice.py,Core Attack Chain,Core Attack Chain,,Type J
iobdug_malware_py,3,8dcab,NEW@<module>@remediation_script.py_slice.py,Benign,Benign,,None
iobdug_malware_py,3,8dcab,NEW@<module>@executable.py_slice.py,Full Attack Chain,Full Attack Chain,,Type J
keylogger,3,df91a,NEW@<module>@overlord.py_slice.py,Undetermined,Undetermined,,None
keylogger,3,df91a,NEW@<module>@bot.py_slice.py,Undetermined,Undetermined,,None
keylogger,4,e79cc,NEW@<module>@src_bot.py_slice.py,Undetermined,Undetermined,,None
keylogger,4,e79cc,NEW@<module>@src_server_overlord.py_slice.py,Undetermined,Undetermined,,None
keylogger,5,3291f,NEW@<module>@src_bot.py_slice.py,Undetermined,Undetermined,,None
keylogger,5,3291f,NEW@<body>@src_keylogger.py_slice.py,Full Attack Chain,Full Attack Chain,,Type H
keylogger,5,3291f,<module>@src_server_overlord.py_slice.py,SAME AS BEFORE,SAME AS BEFORE,,
keylogger,6,10d8d,NEW@<module>@src_bot.py_slice.py,Full Attack Chain,Full Attack Chain,,Type H
keylogger,6,10d8d,NEW@<body>@src_keylogger.py_slice.py,Full Attack Chain,Full Attack Chain,,Type H
keylogger,6,10d8d,<module>@src_server_overlord.py_slice.py,SAME AS BEFORE,SAME AS BEFORE,,
keylogger,7,64762,NEW@run@src_keylogger.py_slice.py,Full Attack Chain,Full Attack Chain,,Type H
keylogger,7,64762,NEW@<body>@src_keylogger.py_slice.py,Full Attack Chain,Full Attack Chain,,Type H
keylogger,7,64762,NEW@<module>@src_server_overlord.py_slice.py,Undetermined,Undetermined,,None
keylogger,7,64762,NEW@<module>@src_keylogger.py_slice.py,Full Attack Chain,Full Attack Chain,,Type H
keylogger,7,64762,<module>@src_bot.py_slice.py,SAME AS BEFORE,SAME AS BEFORE,,
keylogger,8,fd003,NEW@<body>@src_keylogger.py_slice.py,Full Attack Chain,Full Attack Chain,,Type H
keylogger,8,fd003,NEW@<module>@src_server_overlord.py_slice.py,Undetermined,Undetermined,,None
keylogger,8,fd003,NEW@<module>@src_keylogger.py_slice.py,Full Attack Chain,Full Attack Chain,,Type H
keylogger,8,fd003,<module>@src_bot.py_slice.py,SAME AS BEFORE,SAME AS BEFORE,,
keylogger,9,ee3ab,NEW@<module>@src_bot.py_slice.py,Full Attack Chain,Full Attack Chain,,Type H
keylogger,9,ee3ab,NEW@<body>@src_keylogger.py_slice.py,Full Attack Chain,Full Attack Chain,,Type H
keylogger,9,ee3ab,NEW@<module>@src_server_overlord.py_slice.py,Undetermined,Undetermined,,None
keylogger,9,ee3ab,NEW@<module>@src_keylogger.py_slice.py,Full Attack Chain,Full Attack Chain,,Type H
keylogger,10,97edf,NEW@<module>@src_bot.py_slice.py,Full Attack Chain,Full Attack Chain,,Type H
keylogger,10,97edf,NEW@<body>@src_sys_platform.py_slice.py,Benign,Benign,,None
keylogger,10,97edf,NEW@<body>@src_keylogger.py_slice.py,Full Attack Chain,Full Attack Chain,,Type H
keylogger,10,97edf,NEW@<module>@src_keylogger.py_slice.py,Full Attack Chain,Full Attack Chain,,Type H
keylogger,10,97edf,<module>@src_server_overlord.py_slice.py,SAME AS BEFORE,SAME AS BEFORE,,
keylogger,11,b168c,NEW@<body>@src_overlord.py_slice.py,Undetermined,Undetermined,,None
keylogger,11,b168c,NEW@<body>@src_client_sys_platform.py_slice.py,Benign,Benign,,None
keylogger,11,b168c,NEW@<module>@src_client_bot.py_slice.py,Core Attack Chain,Core Attack Chain,,Type H
keylogger,11,b168c,NEW@<module>@src_overlord.py_slice.py,Undetermined,Undetermined,,None
keylogger,11,b168c,NEW@<body>@src_keylogger.py_slice.py,Full Attack Chain,Full Attack Chain,,Type H
keylogger,11,b168c,NEW@<module>@src_keylogger.py_slice.py,Full Attack Chain,Full Attack Chain,,Type H
keylogger,12,9176b,NEW@<module>@src_client_bot.py_slice.py,Core Attack Chain,Core Attack Chain,,Type H
keylogger,12,9176b,NEW@<body>@src_server_socket_handler.py_slice.py,Undetermined,Undetermined,,None
keylogger,12,9176b,NEW@<module>@src_server_socket_handler.py_slice.py,Undetermined,Undetermined,,None
keylogger,12,9176b,NEW@<module>@src_overlord.py_slice.py,Core Attack Chain,Core Attack Chain,,Type H
keylogger,12,9176b,NEW@<body>@src_keylogger.py_slice.py,Full Attack Chain,Full Attack Chain,,Type H
keylogger,12,9176b,NEW@<module>@src_keylogger.py_slice.py,Full Attack Chain,Full Attack Chain,,Type H
keylogger,13,b59d9,NEW@<body>@src_server_socket_handler.py_slice.py,Undetermined,Undetermined,,None
keylogger,13,b59d9,NEW@<module>@src_models_user.py_slice.py,Benign,Benign,,None
keylogger,13,b59d9,<module>@src_client_bot.py_slice.py,SAME AS BEFORE,SAME AS BEFORE,,
keylogger,13,b59d9,<module>@src_overlord.py_slice.py,SAME AS BEFORE,SAME AS BEFORE,,
keylogger,13,b59d9,<module>@src_server_socket_handler.py_slice.py,SAME AS BEFORE,SAME AS BEFORE,,
keylogger,14,d5dad,NEW@<body>@src_server_socket_handler.py_slice.py,Undetermined,Undetermined,,None
keylogger,14,d5dad,<module>@src_client_bot.py_slice.py,SAME AS BEFORE,SAME AS BEFORE,,
keylogger,14,d5dad,<module>@src_models_user.py_slice.py,SAME AS BEFORE,SAME AS BEFORE,,
keylogger,14,d5dad,<module>@src_overlord.py_slice.py,SAME AS BEFORE,SAME AS BEFORE,,
keylogger,14,d5dad,<module>@src_server_socket_handler.py_slice.py,SAME AS BEFORE,SAME AS BEFORE,,
keylogger,15,04c24,<module>@src_client_bot.py_slice.py,SAME AS BEFORE,SAME AS BEFORE,,
keylogger,15,04c24,<module>@src_models_user.py_slice.py,SAME AS BEFORE,SAME AS BEFORE,,
keylogger,15,04c24,<module>@src_overlord.py_slice.py,SAME AS BEFORE,SAME AS BEFORE,,
keylogger,15,04c24,<module>@src_server_socket_handler.py_slice.py,SAME AS BEFORE,SAME AS BEFORE,,
keylogger,15,04c24,<body>@src_server_socket_handler.py_slice.py,SAME AS BEFORE,SAME AS BEFORE,,
keylogger,16,b2aad,<module>@src_client_bot.py_slice.py,SAME AS BEFORE,SAME AS BEFORE,,
keylogger,16,b2aad,<module>@src_models_user.py_slice.py,SAME AS BEFORE,SAME AS BEFORE,,
keylogger,16,b2aad,<module>@src_overlord.py_slice.py,SAME AS BEFORE,SAME AS BEFORE,,
keylogger,16,b2aad,NEW@<body>@src_keylogger.py_slice.py,Full Attack Chain,Full Attack Chain,,Type H
keylogger,16,b2aad,<module>@src_server_socket_handler.py_slice.py,SAME AS BEFORE,SAME AS BEFORE,,
keylogger,16,b2aad,<body>@src_server_socket_handler.py_slice.py,SAME AS BEFORE,SAME AS BEFORE,,
keylogger,16,b2aad,NEW@<module>@src_keylogger.py_slice.py,Full Attack Chain,Full Attack Chain,,Type H
keylogger,17,43a00,NEW@<body>@src_server_socket_handler.py_slice.py,Undetermined,Undetermined,,None
keylogger,17,43a00,<module>@src_client_bot.py_slice.py,SAME AS BEFORE,SAME AS BEFORE,,
keylogger,17,43a00,<module>@src_models_user.py_slice.py,SAME AS BEFORE,SAME AS BEFORE,,
keylogger,17,43a00,<module>@src_overlord.py_slice.py,SAME AS BEFORE,SAME AS BEFORE,,
keylogger,17,43a00,NEW@<body>@src_keylogger.py_slice.py,Full Attack Chain,Full Attack Chain,,Type H
keylogger,17,43a00,<module>@src_server_socket_handler.py_slice.py,SAME AS BEFORE,SAME AS BEFORE,,
keylogger,17,43a00,NEW@<module>@src_keylogger.py_slice.py,Full Attack Chain,Full Attack Chain,,Type H
keylogger,18,0bee1,<module>@src_client_bot.py_slice.py,SAME AS BEFORE,SAME AS BEFORE,,
keylogger,18,0bee1,<module>@src_models_user.py_slice.py,SAME AS BEFORE,SAME AS BEFORE,,
keylogger,18,0bee1,<module>@src_overlord.py_slice.py,SAME AS BEFORE,SAME AS BEFORE,,
keylogger,18,0bee1,<module>@src_server_socket_handler.py_slice.py,SAME AS BEFORE,SAME AS BEFORE,,
keylogger,18,0bee1,<body>@src_server_socket_handler.py_slice.py,SAME AS BEFORE,SAME AS BEFORE,,
keylogger,18,0bee1,<module>@src_keylogger.py_slice.py,SAME AS BEFORE,SAME AS BEFORE,,
keylogger,18,0bee1,<body>@src_keylogger.py_slice.py,SAME AS BEFORE,SAME AS BEFORE,,
keylogger,19,dd79c,<module>@src_client_bot.py_slice.py,SAME AS BEFORE,SAME AS BEFORE,,
keylogger,19,dd79c,<module>@src_models_user.py_slice.py,SAME AS BEFORE,SAME AS BEFORE,,
keylogger,19,dd79c,<module>@src_server_socket_handler.py_slice.py,SAME AS BEFORE,SAME AS BEFORE,,
keylogger,19,dd79c,<body>@src_server_socket_handler.py_slice.py,SAME AS BEFORE,SAME AS BEFORE,,
keylogger,19,dd79c,<module>@src_keylogger.py_slice.py,SAME AS BEFORE,SAME AS BEFORE,,
keylogger,19,dd79c,<body>@src_keylogger.py_slice.py,SAME AS BEFORE,SAME AS BEFORE,,
keylogger,20,aa11f,<module>@src_client_bot.py_slice.py,SAME AS BEFORE,SAME AS BEFORE,,
keylogger,20,aa11f,<module>@src_models_user.py_slice.py,SAME AS BEFORE,SAME AS BEFORE,,
keylogger,20,aa11f,NEW@<body>@src_keylogger.py_slice.py,Full Attack Chain,Full Attack Chain,,Type H
keylogger,20,aa11f,<module>@src_server_socket_handler.py_slice.py,SAME AS BEFORE,SAME AS BEFORE,,
keylogger,20,aa11f,<body>@src_server_socket_handler.py_slice.py,SAME AS BEFORE,SAME AS BEFORE,,
keylogger,20,aa11f,NEW@<module>@src_keylogger.py_slice.py,Full Attack Chain,Full Attack Chain,,Type H
keylogger,21,f7a90,NEW@<body>@src_server_socket_handler.py_slice.py,Undetermined,Benign,,None
keylogger,21,f7a90,NEW@<module>@src_server_socket_handler.py_slice.py,Undetermined,Undetermined,,None
keylogger,21,f7a90,<module>@src_client_bot.py_slice.py,SAME AS BEFORE,SAME AS BEFORE,,
keylogger,21,f7a90,<module>@src_models_user.py_slice.py,SAME AS BEFORE,SAME AS BEFORE,,
keylogger,21,f7a90,NEW@<module>@src_overlord.py_slice.py,Undetermined,Undetermined,,None
keylogger,21,f7a90,NEW@<body>@src_keylogger.py_slice.py,Full Attack Chain,Full Attack Chain,,Type H
keylogger,21,f7a90,NEW@<module>@src_keylogger.py_slice.py,Full Attack Chain,Full Attack Chain,,Type H
keylogger,22,c4cb2,NEW@<body>@src_server_socket_handler.py_slice.py,Benign,Benign,,None
keylogger,22,c4cb2,<module>@src_client_bot.py_slice.py,SAME AS BEFORE,SAME AS BEFORE,,
keylogger,22,c4cb2,<module>@src_models_user.py_slice.py,SAME AS BEFORE,SAME AS BEFORE,,
keylogger,22,c4cb2,<module>@src_overlord.py_slice.py,SAME AS BEFORE,SAME AS BEFORE,,
keylogger,22,c4cb2,<module>@src_server_socket_handler.py_slice.py,SAME AS BEFORE,SAME AS BEFORE,,
keylogger,22,c4cb2,<module>@src_keylogger.py_slice.py,SAME AS BEFORE,SAME AS BEFORE,,
keylogger,22,c4cb2,<body>@src_keylogger.py_slice.py,SAME AS BEFORE,SAME AS BEFORE,,
keylogger,23,ab29d,NEW@<module>@src_client_bot.py_slice.py,Core Attack Chain,Core Attack Chain,,Type H
keylogger,23,ab29d,NEW@<body>@src_server_socket_handler.py_slice.py,Benign,Benign,,None
keylogger,23,ab29d,<module>@src_models_user.py_slice.py,SAME AS BEFORE,SAME AS BEFORE,,
keylogger,23,ab29d,<module>@src_overlord.py_slice.py,SAME AS BEFORE,SAME AS BEFORE,,
keylogger,23,ab29d,NEW@run@src_keylogger.py_slice.py,Full Attack Chain,Full Attack Chain,,Type H
keylogger,23,ab29d,NEW@<body>@src_keylogger.py_slice.py,Full Attack Chain,Full Attack Chain,,Type H
keylogger,23,ab29d,<module>@src_server_socket_handler.py_slice.py,SAME AS BEFORE,SAME AS BEFORE,,
keylogger,23,ab29d,NEW@<module>@src_keylogger.py_slice.py,Full Attack Chain,Full Attack Chain,,Type H
keylogger,24,fb60c,NEW@<module>@src_client_bot.py_slice.py,Core Attack Chain,Core Attack Chain,,Type H
keylogger,24,fb60c,NEW@<body>@src_server_socket_handler.py_slice.py,Undetermined,Undetermined,,None
keylogger,24,fb60c,NEW@<module>@src_server_socket_handler.py_slice.py,Undetermined,Undetermined,,None
keylogger,24,fb60c,NEW@<module>@src_models_user.py_slice.py,Benign,Benign,,None
keylogger,24,fb60c,NEW@<module>@src_overlord.py_slice.py,Core Attack Chain,Core Attack Chain,,Type H
keylogger,24,fb60c,NEW@<body>@src_keylogger.py_slice.py,Full Attack Chain,Full Attack Chain,,Type H
keylogger,24,fb60c,NEW@<module>@src_keylogger.py_slice.py,Full Attack Chain,Full Attack Chain,,Type H
keylogger,25,1c092,<module>@src_client_bot.py_slice.py,SAME AS BEFORE,SAME AS BEFORE,,
keylogger,25,1c092,<module>@src_models_user.py_slice.py,SAME AS BEFORE,SAME AS BEFORE,,
keylogger,25,1c092,<module>@src_overlord.py_slice.py,SAME AS BEFORE,SAME AS BEFORE,,
keylogger,25,1c092,<module>@src_server_socket_handler.py_slice.py,SAME AS BEFORE,SAME AS BEFORE,,
keylogger,25,1c092,<body>@src_server_socket_handler.py_slice.py,SAME AS BEFORE,SAME AS BEFORE,,
keylogger,25,1c092,<module>@src_keylogger.py_slice.py,SAME AS BEFORE,SAME AS BEFORE,,
keylogger,25,1c092,<body>@src_keylogger.py_slice.py,SAME AS BEFORE,SAME AS BEFORE,,
keylogger,26,db70d,NEW@<body>@src_server_socket_handler.py_slice.py,Benign,Benign,,None
keylogger,26,db70d,NEW@<module>@src_server_socket_handler.py_slice.py,Undetermined,Undetermined,,None
keylogger,26,db70d,<module>@src_client_bot.py_slice.py,SAME AS BEFORE,SAME AS BEFORE,,
keylogger,26,db70d,<module>@src_models_user.py_slice.py,SAME AS BEFORE,SAME AS BEFORE,,
keylogger,26,db70d,<module>@src_overlord.py_slice.py,SAME AS BEFORE,SAME AS BEFORE,,
keylogger,26,db70d,<module>@src_keylogger.py_slice.py,SAME AS BEFORE,SAME AS BEFORE,,
keylogger,26,db70d,<body>@src_keylogger.py_slice.py,SAME AS BEFORE,SAME AS BEFORE,,
keylogger,27,2b0ae,<module>@src_client_bot.py_slice.py,SAME AS BEFORE,SAME AS BEFORE,,
keylogger,27,2b0ae,<module>@src_models_user.py_slice.py,SAME AS BEFORE,SAME AS BEFORE,,
keylogger,27,2b0ae,<module>@src_overlord.py_slice.py,SAME AS BEFORE,SAME AS BEFORE,,
keylogger,27,2b0ae,NEW@<body>@src_keylogger.py_slice.py,Full Attack Chain,Full Attack Chain,,Type H
keylogger,27,2b0ae,<module>@src_server_socket_handler.py_slice.py,SAME AS BEFORE,SAME AS BEFORE,,
keylogger,27,2b0ae,<body>@src_server_socket_handler.py_slice.py,SAME AS BEFORE,SAME AS BEFORE,,
keylogger,27,2b0ae,NEW@<module>@src_keylogger.py_slice.py,Full Attack Chain,Full Attack Chain,,Type H
keylogger,28,35982,NEW@<body>@src_server_socket_handler.py_slice.py,Benign,Benign,,None
keylogger,28,35982,<module>@src_client_bot.py_slice.py,SAME AS BEFORE,SAME AS BEFORE,,
keylogger,28,35982,<module>@src_models_user.py_slice.py,SAME AS BEFORE,SAME AS BEFORE,,
keylogger,28,35982,<module>@src_overlord.py_slice.py,SAME AS BEFORE,SAME AS BEFORE,,
keylogger,28,35982,NEW@run@src_keylogger.py_slice.py,Full Attack Chain,Full Attack Chain,,Type H
keylogger,28,35982,NEW@<body>@src_keylogger.py_slice.py,Full Attack Chain,Full Attack Chain,,Type H
keylogger,28,35982,<module>@src_server_socket_handler.py_slice.py,SAME AS BEFORE,SAME AS BEFORE,,
keylogger,28,35982,NEW@<module>@src_keylogger.py_slice.py,Full Attack Chain,Full Attack Chain,,Type H
keylogger,29,a1fa1,<module>@src_client_bot.py_slice.py,SAME AS BEFORE,SAME AS BEFORE,,
keylogger,29,a1fa1,<module>@src_models_user.py_slice.py,SAME AS BEFORE,SAME AS BEFORE,,
keylogger,29,a1fa1,<module>@src_overlord.py_slice.py,SAME AS BEFORE,SAME AS BEFORE,,
keylogger,29,a1fa1,NEW@<body>@src_keylogger.py_slice.py,Full Attack Chain,Full Attack Chain,,Type H
keylogger,29,a1fa1,<module>@src_server_socket_handler.py_slice.py,SAME AS BEFORE,SAME AS BEFORE,,
keylogger,29,a1fa1,<body>@src_server_socket_handler.py_slice.py,SAME AS BEFORE,SAME AS BEFORE,,
keylogger,29,a1fa1,NEW@<module>@src_keylogger.py_slice.py,Full Attack Chain,Full Attack Chain,,Type H
keylogger,30,da4e5,<module>@src_client_bot.py_slice.py,SAME AS BEFORE,SAME AS BEFORE,,
keylogger,30,da4e5,<module>@src_models_user.py_slice.py,SAME AS BEFORE,SAME AS BEFORE,,
keylogger,30,da4e5,<module>@src_overlord.py_slice.py,SAME AS BEFORE,SAME AS BEFORE,,
keylogger,30,da4e5,<module>@src_server_socket_handler.py_slice.py,SAME AS BEFORE,SAME AS BEFORE,,
keylogger,30,da4e5,<body>@src_server_socket_handler.py_slice.py,SAME AS BEFORE,SAME AS BEFORE,,
keylogger,30,da4e5,<module>@src_keylogger.py_slice.py,SAME AS BEFORE,SAME AS BEFORE,,
keylogger,30,da4e5,<body>@src_keylogger.py_slice.py,SAME AS BEFORE,SAME AS BEFORE,,
keylogger,31,5dfdd,NEW@<body>@src_server_socket_handler.py_slice.py,Benign,Benign,,None
keylogger,31,5dfdd,<module>@src_client_bot.py_slice.py,SAME AS BEFORE,SAME AS BEFORE,,
keylogger,31,5dfdd,<module>@src_models_user.py_slice.py,SAME AS BEFORE,SAME AS BEFORE,,
keylogger,31,5dfdd,<module>@src_overlord.py_slice.py,SAME AS BEFORE,SAME AS BEFORE,,
keylogger,31,5dfdd,NEW@run@src_keylogger.py_slice.py,Full Attack Chain,Full Attack Chain,,Type H
keylogger,31,5dfdd,NEW@<body>@src_keylogger.py_slice.py,Full Attack Chain,Full Attack Chain,,Type H
keylogger,31,5dfdd,<module>@src_server_socket_handler.py_slice.py,SAME AS BEFORE,SAME AS BEFORE,,
keylogger,31,5dfdd,NEW@<module>@src_keylogger.py_slice.py,Full Attack Chain,Full Attack Chain,,Type H
keylogger,32,76743,NEW@<body>@src_server_socket_handler.py_slice.py,Benign,Benign,,None
keylogger,32,76743,NEW@<module>@src_server_socket_handler.py_slice.py,Undetermined,Undetermined,,None
keylogger,32,76743,<module>@src_client_bot.py_slice.py,SAME AS BEFORE,SAME AS BEFORE,,
keylogger,32,76743,<module>@src_models_user.py_slice.py,SAME AS BEFORE,SAME AS BEFORE,,
keylogger,32,76743,<module>@src_overlord.py_slice.py,SAME AS BEFORE,SAME AS BEFORE,,
keylogger,32,76743,NEW@<body>@src_keylogger.py_slice.py,Full Attack Chain,Full Attack Chain,,Type H
keylogger,32,76743,NEW@<module>@src_keylogger.py_slice.py,Full Attack Chain,Full Attack Chain,,Type H
keylogger,33,b0fba,<module>@src_client_bot.py_slice.py,SAME AS BEFORE,SAME AS BEFORE,,
keylogger,33,b0fba,<module>@src_models_user.py_slice.py,SAME AS BEFORE,SAME AS BEFORE,,
keylogger,33,b0fba,<module>@src_overlord.py_slice.py,SAME AS BEFORE,SAME AS BEFORE,,
keylogger,33,b0fba,NEW@<body>@src_keylogger.py_slice.py,Full Attack Chain,Full Attack Chain,,Type H
keylogger,33,b0fba,<module>@src_server_socket_handler.py_slice.py,SAME AS BEFORE,SAME AS BEFORE,,
keylogger,33,b0fba,<body>@src_server_socket_handler.py_slice.py,SAME AS BEFORE,SAME AS BEFORE,,
keylogger,33,b0fba,NEW@<module>@src_keylogger.py_slice.py,Full Attack Chain,Full Attack Chain,,Type H
keylogger,34,eb665,NEW@<module>@src_client_bot.py_slice.py,Core Attack Chain,Core Attack Chain,,Type A
keylogger,34,eb665,NEW@<module>@src_server_secrets.py_slice.py,Benign,Benign,,None
keylogger,34,eb665,<module>@src_models_user.py_slice.py,SAME AS BEFORE,SAME AS BEFORE,,
keylogger,34,eb665,<module>@src_overlord.py_slice.py,SAME AS BEFORE,SAME AS BEFORE,,
keylogger,34,eb665,NEW@<body>@src_keylogger.py_slice.py,Full Attack Chain,Full Attack Chain,,Type H
keylogger,34,eb665,<module>@src_server_socket_handler.py_slice.py,SAME AS BEFORE,SAME AS BEFORE,,
keylogger,34,eb665,<body>@src_server_socket_handler.py_slice.py,SAME AS BEFORE,SAME AS BEFORE,,
keylogger,34,eb665,NEW@<module>@src_keylogger.py_slice.py,Full Attack Chain,Full Attack Chain,,Type H
keylogger,35,26557,<module>@src_client_bot.py_slice.py,SAME AS BEFORE,SAME AS BEFORE,,
keylogger,35,26557,<module>@src_models_user.py_slice.py,SAME AS BEFORE,SAME AS BEFORE,,
keylogger,35,26557,<module>@src_overlord.py_slice.py,SAME AS BEFORE,SAME AS BEFORE,,
keylogger,35,26557,NEW@<body>@src_keylogger.py_slice.py,Full Attack Chain,Full Attack Chain,,Type H
keylogger,35,26557,<module>@src_server_socket_handler.py_slice.py,SAME AS BEFORE,SAME AS BEFORE,,
keylogger,35,26557,<body>@src_server_socket_handler.py_slice.py,SAME AS BEFORE,SAME AS BEFORE,,
keylogger,35,26557,NEW@<module>@src_keylogger.py_slice.py,Full Attack Chain,Full Attack Chain,,Type H
keylogger,36,826bf,<module>@src_client_bot.py_slice.py,SAME AS BEFORE,SAME AS BEFORE,,
keylogger,36,826bf,<module>@src_models_user.py_slice.py,SAME AS BEFORE,SAME AS BEFORE,,
keylogger,36,826bf,<module>@src_overlord.py_slice.py,SAME AS BEFORE,SAME AS BEFORE,,
keylogger,36,826bf,NEW@<body>@src_keylogger.py_slice.py,Full Attack Chain,Full Attack Chain,,Type H
keylogger,36,826bf,<module>@src_server_socket_handler.py_slice.py,SAME AS BEFORE,SAME AS BEFORE,,
keylogger,36,826bf,<body>@src_server_socket_handler.py_slice.py,SAME AS BEFORE,SAME AS BEFORE,,
keylogger,36,826bf,NEW@<module>@src_keylogger.py_slice.py,Full Attack Chain,Full Attack Chain,,Type H
keylogger,37,944c2,NEW@<body>@src_server_socket_handler.py_slice.py,Benign,Benign,,None
keylogger,37,944c2,NEW@<module>@src_server_socket_handler.py_slice.py,Undetermined,Undetermined,,None
keylogger,37,944c2,<module>@src_client_bot.py_slice.py,SAME AS BEFORE,SAME AS BEFORE,,
keylogger,37,944c2,<module>@src_models_user.py_slice.py,SAME AS BEFORE,SAME AS BEFORE,,
keylogger,37,944c2,<module>@src_overlord.py_slice.py,SAME AS BEFORE,SAME AS BEFORE,,
keylogger,37,944c2,<module>@src_keylogger.py_slice.py,SAME AS BEFORE,SAME AS BEFORE,,
keylogger,37,944c2,<body>@src_keylogger.py_slice.py,SAME AS BEFORE,SAME AS BEFORE,,
keylogger,38,a9570,NEW@<module>@src_client_bot.py_slice.py,Core Attack Chain,Core Attack Chain,,Type A
keylogger,38,a9570,NEW@<module>@src_server_secrets.py_slice.py,Benign,Benign,,None
keylogger,38,a9570,<module>@src_models_user.py_slice.py,SAME AS BEFORE,SAME AS BEFORE,,
keylogger,38,a9570,<module>@src_overlord.py_slice.py,SAME AS BEFORE,SAME AS BEFORE,,
keylogger,38,a9570,NEW@<body>@src_keylogger.py_slice.py,Full Attack Chain,Full Attack Chain,,Type H
keylogger,38,a9570,<module>@src_server_socket_handler.py_slice.py,SAME AS BEFORE,SAME AS BEFORE,,
keylogger,38,a9570,<body>@src_server_socket_handler.py_slice.py,SAME AS BEFORE,SAME AS BEFORE,,
keylogger,38,a9570,NEW@<module>@src_keylogger.py_slice.py,Full Attack Chain,Full Attack Chain,,Type H
keylogger,39,943eb,NEW@<body>@src_server_socket_handler.py_slice.py,Benign,Benign,,None
keylogger,39,943eb,<module>@src_client_bot.py_slice.py,SAME AS BEFORE,SAME AS BEFORE,,
keylogger,39,943eb,<module>@src_models_user.py_slice.py,SAME AS BEFORE,SAME AS BEFORE,,
keylogger,39,943eb,<module>@src_overlord.py_slice.py,SAME AS BEFORE,SAME AS BEFORE,,
keylogger,39,943eb,NEW@run@src_keylogger.py_slice.py,Full Attack Chain,Full Attack Chain,,Type H
keylogger,39,943eb,NEW@<body>@src_keylogger.py_slice.py,Full Attack Chain,Full Attack Chain,,Type H
keylogger,39,943eb,<module>@src_server_socket_handler.py_slice.py,SAME AS BEFORE,SAME AS BEFORE,,
keylogger,39,943eb,<module>@src_server_secrets.py_slice.py,SAME AS BEFORE,SAME AS BEFORE,,
keylogger,39,943eb,NEW@<module>@src_keylogger.py_slice.py,Full Attack Chain,Full Attack Chain,,Type H
keylogger,40,c1c0f,NEW@<body>@src_server_socket_handler.py_slice.py,Benign,Benign,,None
keylogger,40,c1c0f,<module>@src_client_bot.py_slice.py,SAME AS BEFORE,SAME AS BEFORE,,
keylogger,40,c1c0f,<module>@src_models_user.py_slice.py,SAME AS BEFORE,SAME AS BEFORE,,
keylogger,40,c1c0f,<module>@src_overlord.py_slice.py,SAME AS BEFORE,SAME AS BEFORE,,
keylogger,40,c1c0f,NEW@<body>@src_keylogger.py_slice.py,Full Attack Chain,Full Attack Chain,,Type H
keylogger,40,c1c0f,<module>@src_server_socket_handler.py_slice.py,SAME AS BEFORE,SAME AS BEFORE,,
keylogger,40,c1c0f,<module>@src_server_secrets.py_slice.py,SAME AS BEFORE,SAME AS BEFORE,,
keylogger,40,c1c0f,NEW@<module>@src_keylogger.py_slice.py,Full Attack Chain,Full Attack Chain,,Type H
keylogger,41,3a05f,NEW@<module>@src_client_bot.py_slice.py,Core Attack Chain,Core Attack Chain,,Type A
keylogger,41,3a05f,NEW@<body>@src_server_socket_handler.py_slice.py,Benign,Benign,,None
keylogger,41,3a05f,NEW@<module>@src_server_socket_handler.py_slice.py,Undetermined,Undetermined,,None
keylogger,41,3a05f,<module>@src_models_user.py_slice.py,SAME AS BEFORE,SAME AS BEFORE,,
keylogger,41,3a05f,<module>@src_overlord.py_slice.py,SAME AS BEFORE,SAME AS BEFORE,,
keylogger,41,3a05f,NEW@<body>@src_keylogger.py_slice.py,Full Attack Chain,Full Attack Chain,,Type H
keylogger,41,3a05f,<module>@src_server_secrets.py_slice.py,SAME AS BEFORE,SAME AS BEFORE,,
keylogger,41,3a05f,NEW@<module>@src_keylogger.py_slice.py,Full Attack Chain,Full Attack Chain,,Type H
keylogger,42,3e1bd,NEW@<module>@src_client_bot.py_slice.py,Core Attack Chain,Core Attack Chain,,Type A
keylogger,42,3e1bd,NEW@<body>@src_server_socket_handler.py_slice.py,Benign,Benign,,None
keylogger,42,3e1bd,NEW@<module>@src_server_socket_handler.py_slice.py,Undetermined,Undetermined,,None
keylogger,42,3e1bd,<module>@src_models_user.py_slice.py,SAME AS BEFORE,SAME AS BEFORE,,
keylogger,42,3e1bd,<module>@src_overlord.py_slice.py,SAME AS BEFORE,SAME AS BEFORE,,
keylogger,42,3e1bd,NEW@<body>@src_keylogger.py_slice.py,Full Attack Chain,Full Attack Chain,,Type H
keylogger,42,3e1bd,<module>@src_server_secrets.py_slice.py,SAME AS BEFORE,SAME AS BEFORE,,
keylogger,42,3e1bd,NEW@<module>@src_keylogger.py_slice.py,Full Attack Chain,Full Attack Chain,,Type H
keylogger,43,26727,NEW@<module>@src_server_secrets.py_slice.py,Benign,Benign,,None
keylogger,43,26727,<module>@src_client_bot.py_slice.py,SAME AS BEFORE,SAME AS BEFORE,,
keylogger,43,26727,<module>@src_models_user.py_slice.py,SAME AS BEFORE,SAME AS BEFORE,,
keylogger,43,26727,NEW@<module>@src_overlord.py_slice.py,Undetermined,Undetermined,,None
keylogger,43,26727,<module>@src_server_socket_handler.py_slice.py,SAME AS BEFORE,SAME AS BEFORE,,
keylogger,43,26727,<body>@src_server_socket_handler.py_slice.py,SAME AS BEFORE,SAME AS BEFORE,,
keylogger,43,26727,<module>@src_keylogger.py_slice.py,SAME AS BEFORE,SAME AS BEFORE,,
keylogger,43,26727,<body>@src_keylogger.py_slice.py,SAME AS BEFORE,SAME AS BEFORE,,
keylogger,44,8f0fd,<module>@src_client_bot.py_slice.py,SAME AS BEFORE,SAME AS BEFORE,,
keylogger,44,8f0fd,<module>@src_models_user.py_slice.py,SAME AS BEFORE,SAME AS BEFORE,,
keylogger,44,8f0fd,<module>@src_overlord.py_slice.py,SAME AS BEFORE,SAME AS BEFORE,,
keylogger,44,8f0fd,<module>@src_server_socket_handler.py_slice.py,SAME AS BEFORE,SAME AS BEFORE,,
keylogger,44,8f0fd,<body>@src_server_socket_handler.py_slice.py,SAME AS BEFORE,SAME AS BEFORE,,
keylogger,44,8f0fd,<module>@src_server_secrets.py_slice.py,SAME AS BEFORE,SAME AS BEFORE,,
keylogger,44,8f0fd,<module>@src_keylogger.py_slice.py,SAME AS BEFORE,SAME AS BEFORE,,
keylogger,44,8f0fd,<body>@src_keylogger.py_slice.py,SAME AS BEFORE,SAME AS BEFORE,,
keylogger,45,0ef3a,<module>@src_client_bot.py_slice.py,SAME AS BEFORE,SAME AS BEFORE,,
keylogger,45,0ef3a,<module>@src_models_user.py_slice.py,SAME AS BEFORE,SAME AS BEFORE,,
keylogger,45,0ef3a,<module>@src_overlord.py_slice.py,SAME AS BEFORE,SAME AS BEFORE,,
keylogger,45,0ef3a,<module>@src_server_socket_handler.py_slice.py,SAME AS BEFORE,SAME AS BEFORE,,
keylogger,45,0ef3a,<body>@src_server_socket_handler.py_slice.py,SAME AS BEFORE,SAME AS BEFORE,,
keylogger,45,0ef3a,<module>@src_server_secrets.py_slice.py,SAME AS BEFORE,SAME AS BEFORE,,
keylogger,45,0ef3a,<module>@src_keylogger.py_slice.py,SAME AS BEFORE,SAME AS BEFORE,,
keylogger,45,0ef3a,<body>@src_keylogger.py_slice.py,SAME AS BEFORE,SAME AS BEFORE,,
keylogger,46,1c0c8,<module>@src_client_bot.py_slice.py,SAME AS BEFORE,SAME AS BEFORE,,
keylogger,46,1c0c8,<module>@src_models_user.py_slice.py,SAME AS BEFORE,SAME AS BEFORE,,
keylogger,46,1c0c8,<module>@src_overlord.py_slice.py,SAME AS BEFORE,SAME AS BEFORE,,
keylogger,46,1c0c8,<module>@src_server_socket_handler.py_slice.py,SAME AS BEFORE,SAME AS BEFORE,,
keylogger,46,1c0c8,<body>@src_server_socket_handler.py_slice.py,SAME AS BEFORE,SAME AS BEFORE,,
keylogger,46,1c0c8,<module>@src_server_secrets.py_slice.py,SAME AS BEFORE,SAME AS BEFORE,,
keylogger,46,1c0c8,<module>@src_keylogger.py_slice.py,SAME AS BEFORE,SAME AS BEFORE,,
keylogger,46,1c0c8,<body>@src_keylogger.py_slice.py,SAME AS BEFORE,SAME AS BEFORE,,
Keylogger,0,cb21f,NEW@<module>@pylogger.py_slice.py,Full Attack Chain,Full Attack Chain,,Type H
Keylogger,1,9cf98,NEW@<module>@pylogger.py_slice.py,Full Attack Chain,Full Attack Chain,,Type H
Keylogger,2,3c8e6,NEW@<module>@pylogger.py_slice.py,Full Attack Chain,Full Attack Chain,,Type H
Keylogger,3,12abc,<module>@pylogger.py_slice.py,SAME AS BEFORE,SAME AS BEFORE,,
KeySpy,0,ceb99,NEW@load_config@config_loader.py_slice.py,Benign,Benign,,None
KeySpy,1,c5bb0,load_config@config_loader.py_slice.py,SAME AS BEFORE,SAME AS BEFORE,,
KeySpy,1,c5bb0,NEW@<module>@config_secret_key_generator.py_slice.py,Benign,Benign,,None
KeySpy,2,ecb6a,NEW@<body>@core_logger.py_slice.py,Core Attack Chain,Core Attack Chain,,Type H
KeySpy,2,ecb6a,<module>@config_secret_key_generator.py_slice.py,SAME AS BEFORE,SAME AS BEFORE,,
KeySpy,3,2075a,NEW@<body>@core_data_handler.py_slice.py,Benign,Benign,,None
KeySpy,3,2075a,NEW@<body>@core_logger.py_slice.py,Core Attack Chain,Core Attack Chain,,Type H
KeySpy,3,2075a,<module>@config_secret_key_generator.py_slice.py,SAME AS BEFORE,SAME AS BEFORE,,
KeySpy,4,8e87b,<body>@core_data_handler.py_slice.py,SAME AS BEFORE,SAME AS BEFORE,,
KeySpy,4,8e87b,<body>@core_logger.py_slice.py,SAME AS BEFORE,SAME AS BEFORE,,
KeySpy,4,8e87b,<module>@config_secret_key_generator.py_slice.py,SAME AS BEFORE,SAME AS BEFORE,,
KeySpy,4,8e87b,NEW@<body>@core_alert_manager.py_slice.py,Core Attack Chain,Core Attack Chain,,Type H
KeySpy,5,1d0a5,NEW@<body>@core_persistence.py_slice.py,Undetermined,Undetermined,,None
KeySpy,5,1d0a5,<body>@core_data_handler.py_slice.py,SAME AS BEFORE,SAME AS BEFORE,,
KeySpy,5,1d0a5,<body>@core_logger.py_slice.py,SAME AS BEFORE,SAME AS BEFORE,,
KeySpy,5,1d0a5,<body>@core_alert_manager.py_slice.py,SAME AS BEFORE,SAME AS BEFORE,,
KeySpy,5,1d0a5,<module>@config_secret_key_generator.py_slice.py,SAME AS BEFORE,SAME AS BEFORE,,
KeySpy,6,eaef5,NEW@<module>@platform_linux_keylogger.py_slice.py,Core Attack Chain,Core Attack Chain,,Type H
KeySpy,6,eaef5,NEW@<body>@core_persistence.py_slice.py,Core Attack Chain,Core Attack Chain,,Type H
KeySpy,6,eaef5,<body>@core_data_handler.py_slice.py,SAME AS BEFORE,SAME AS BEFORE,,
KeySpy,6,eaef5,<body>@core_logger.py_slice.py,SAME AS BEFORE,SAME AS BEFORE,,
KeySpy,6,eaef5,<body>@core_alert_manager.py_slice.py,SAME AS BEFORE,SAME AS BEFORE,,
KeySpy,6,eaef5,<module>@config_secret_key_generator.py_slice.py,SAME AS BEFORE,SAME AS BEFORE,,
KeySpy,6,eaef5,NEW@<body>@platform_linux_keylogger.py_slice.py,Core Attack Chain,Core Attack Chain,,Type H
KeySpy,7,9c9d6,<body>@platform_linux_keylogger.py_slice.py,SAME AS BEFORE,SAME AS BEFORE,,
KeySpy,7,9c9d6,<body>@core_data_handler.py_slice.py,SAME AS BEFORE,SAME AS BEFORE,,
KeySpy,7,9c9d6,<body>@core_logger.py_slice.py,SAME AS BEFORE,SAME AS BEFORE,,
KeySpy,7,9c9d6,<module>@platform_linux_keylogger.py_slice.py,SAME AS BEFORE,SAME AS BEFORE,,
KeySpy,7,9c9d6,<body>@core_alert_manager.py_slice.py,SAME AS BEFORE,SAME AS BEFORE,,
KeySpy,7,9c9d6,<module>@config_secret_key_generator.py_slice.py,SAME AS BEFORE,SAME AS BEFORE,,
KeySpy,7,9c9d6,NEW@<module>@platform_mac_keylogger.py_slice.py,Core Attack Chain,Core Attack Chain,,Type H
KeySpy,7,9c9d6,NEW@<body>@platform_mac_keylogger.py_slice.py,Core Attack Chain,Core Attack Chain,,Type H
KeySpy,7,9c9d6,<body>@core_persistence.py_slice.py,SAME AS BEFORE,SAME AS BEFORE,,
KeySpy,8,42040,NEW@<module>@platform_linux_keylogger.py_slice.py,Core Attack Chain,Core Attack Chain,,Type H
KeySpy,8,42040,NEW@<body>@platform_windows_keylogger.py_slice.py,Core Attack Chain,Core Attack Chain,,Type H
KeySpy,8,42040,<body>@core_data_handler.py_slice.py,SAME AS BEFORE,SAME AS BEFORE,,
KeySpy,8,42040,<body>@core_logger.py_slice.py,SAME AS BEFORE,SAME AS BEFORE,,
KeySpy,8,42040,<body>@core_alert_manager.py_slice.py,SAME AS BEFORE,SAME AS BEFORE,,
KeySpy,8,42040,<module>@config_secret_key_generator.py_slice.py,SAME AS BEFORE,SAME AS BEFORE,,
KeySpy,8,42040,NEW@<module>@platform_mac_keylogger.py_slice.py,Core Attack Chain,Core Attack Chain,,Type H
KeySpy,8,42040,NEW@<body>@platform_linux_keylogger.py_slice.py,Core Attack Chain,Core Attack Chain,,Type H
KeySpy,8,42040,NEW@<body>@platform_mac_keylogger.py_slice.py,Core Attack Chain,Core Attack Chain,,Type H
KeySpy,8,42040,<body>@core_persistence.py_slice.py,SAME AS BEFORE,SAME AS BEFORE,,
KeySpy,8,42040,NEW@<module>@platform_windows_keylogger.py_slice.py,Core Attack Chain,Core Attack Chain,,Type H
KeySpy,9,f1f6c,NEW@<module>@platform_linux_keylogger.py_slice.py,Core Attack Chain,Core Attack Chain,,Type H
KeySpy,9,f1f6c,NEW@<body>@platform_windows_keylogger.py_slice.py,Core Attack Chain,Core Attack Chain,,Type H
KeySpy,9,f1f6c,NEW@<module>@scripts_install_dependencies.py_slice.py,Benign,Benign,,None
KeySpy,9,f1f6c,<body>@core_data_handler.py_slice.py,SAME AS BEFORE,SAME AS BEFORE,,
KeySpy,9,f1f6c,<body>@core_logger.py_slice.py,SAME AS BEFORE,SAME AS BEFORE,,
KeySpy,9,f1f6c,<body>@core_alert_manager.py_slice.py,SAME AS BEFORE,SAME AS BEFORE,,
KeySpy,9,f1f6c,<module>@config_secret_key_generator.py_slice.py,SAME AS BEFORE,SAME AS BEFORE,,
KeySpy,9,f1f6c,NEW@<module>@platform_mac_keylogger.py_slice.py,Core Attack Chain,Core Attack Chain,,Type H
KeySpy,9,f1f6c,NEW@<body>@platform_linux_keylogger.py_slice.py,Core Attack Chain,Core Attack Chain,,Type H
KeySpy,9,f1f6c,NEW@<body>@platform_mac_keylogger.py_slice.py,Core Attack Chain,Core Attack Chain,,Type H
KeySpy,9,f1f6c,<body>@core_persistence.py_slice.py,SAME AS BEFORE,SAME AS BEFORE,,
KeySpy,9,f1f6c,NEW@<module>@platform_windows_keylogger.py_slice.py,Core Attack Chain,Core Attack Chain,,Type H
KeySpy,10,d0e6c,NEW@<module>@platform_linux_keylogger.py_slice.py,Core Attack Chain,Core Attack Chain,,Type H
KeySpy,10,d0e6c,NEW@<body>@platform_windows_keylogger.py_slice.py,Core Attack Chain,Core Attack Chain,,Type H
KeySpy,10,d0e6c,NEW@<module>@scripts_setup_env.py_slice.py,Benign,Benign,,None
KeySpy,10,d0e6c,NEW@<module>@scripts_install_dependencies.py_slice.py,Benign,Benign,,None
KeySpy,10,d0e6c,<body>@core_data_handler.py_slice.py,SAME AS BEFORE,SAME AS BEFORE,,
KeySpy,10,d0e6c,<body>@core_logger.py_slice.py,SAME AS BEFORE,SAME AS BEFORE,,
KeySpy,10,d0e6c,<body>@core_alert_manager.py_slice.py,SAME AS BEFORE,SAME AS BEFORE,,
KeySpy,10,d0e6c,<module>@config_secret_key_generator.py_slice.py,SAME AS BEFORE,SAME AS BEFORE,,
KeySpy,10,d0e6c,NEW@<module>@platform_mac_keylogger.py_slice.py,Core Attack Chain,Core Attack Chain,,Type H
KeySpy,10,d0e6c,NEW@<body>@platform_linux_keylogger.py_slice.py,Core Attack Chain,Core Attack Chain,,Type H
KeySpy,10,d0e6c,NEW@<body>@platform_mac_keylogger.py_slice.py,Core Attack Chain,Core Attack Chain,,Type H
KeySpy,10,d0e6c,<body>@core_persistence.py_slice.py,SAME AS BEFORE,SAME AS BEFORE,,
KeySpy,10,d0e6c,NEW@<module>@platform_windows_keylogger.py_slice.py,Core Attack Chain,Core Attack Chain,,Type H
KeySpy,11,8a2cb,NEW@<module>@platform_linux_keylogger.py_slice.py,Core Attack Chain,Core Attack Chain,,Type H
KeySpy,11,8a2cb,NEW@<body>@platform_windows_keylogger.py_slice.py,Core Attack Chain,Core Attack Chain,,Type H
KeySpy,11,8a2cb,<module>@scripts_install_dependencies.py_slice.py,SAME AS BEFORE,SAME AS BEFORE,,
KeySpy,11,8a2cb,<body>@core_data_handler.py_slice.py,SAME AS BEFORE,SAME AS BEFORE,,
KeySpy,11,8a2cb,NEW@<module>@scripts_run_keylogger.py_slice.py,Core Attack Chain,Core Attack Chain,,Type H
KeySpy,11,8a2cb,<body>@core_logger.py_slice.py,SAME AS BEFORE,SAME AS BEFORE,,
KeySpy,11,8a2cb,<body>@core_alert_manager.py_slice.py,SAME AS BEFORE,SAME AS BEFORE,,
KeySpy,11,8a2cb,<module>@config_secret_key_generator.py_slice.py,SAME AS BEFORE,SAME AS BEFORE,,
KeySpy,11,8a2cb,NEW@<module>@platform_mac_keylogger.py_slice.py,Core Attack Chain,Core Attack Chain,,Type H
KeySpy,11,8a2cb,NEW@<body>@platform_linux_keylogger.py_slice.py,Core Attack Chain,Core Attack Chain,,Type H
KeySpy,11,8a2cb,NEW@<body>@platform_mac_keylogger.py_slice.py,Core Attack Chain,Core Attack Chain,,Type H
KeySpy,11,8a2cb,<module>@scripts_setup_env.py_slice.py,SAME AS BEFORE,SAME AS BEFORE,,
KeySpy,11,8a2cb,<body>@core_persistence.py_slice.py,SAME AS BEFORE,SAME AS BEFORE,,
KeySpy,11,8a2cb,NEW@<module>@platform_windows_keylogger.py_slice.py,Core Attack Chain,Core Attack Chain,,Type H
KeySpy,12,26d79,NEW@<module>@platform_linux_keylogger.py_slice.py,Core Attack Chain,Core Attack Chain,,Type H
KeySpy,12,26d79,NEW@<body>@platform_windows_keylogger.py_slice.py,Core Attack Chain,Core Attack Chain,,Type H
KeySpy,12,26d79,NEW@_process_keystroke@core_logger.py_slice.py,Undetermined,Undetermined,,None
KeySpy,12,26d79,NEW@<module>@scripts_test_logging.py_slice.py,Core Attack Chain,Core Attack Chain,,Type H
KeySpy,12,26d79,<module>@scripts_install_dependencies.py_slice.py,SAME AS BEFORE,SAME AS BEFORE,,
KeySpy,12,26d79,<body>@core_data_handler.py_slice.py,SAME AS BEFORE,SAME AS BEFORE,,
KeySpy,12,26d79,NEW@<module>@scripts_run_keylogger.py_slice.py,Core Attack Chain,Core Attack Chain,,Type H
KeySpy,12,26d79,<body>@core_alert_manager.py_slice.py,SAME AS BEFORE,SAME AS BEFORE,,
KeySpy,12,26d79,NEW@<body>@core_logger.py_slice.py,Core Attack Chain,Core Attack Chain,,Type H
KeySpy,12,26d79,<module>@config_secret_key_generator.py_slice.py,SAME AS BEFORE,SAME AS BEFORE,,
KeySpy,12,26d79,NEW@<module>@platform_mac_keylogger.py_slice.py,Core Attack Chain,Core Attack Chain,,Type H
KeySpy,12,26d79,NEW@<body>@platform_linux_keylogger.py_slice.py,Core Attack Chain,Core Attack Chain,,Type H
KeySpy,12,26d79,NEW@<body>@platform_mac_keylogger.py_slice.py,Core Attack Chain,Core Attack Chain,,Type H
KeySpy,12,26d79,<module>@scripts_setup_env.py_slice.py,SAME AS BEFORE,SAME AS BEFORE,,
KeySpy,12,26d79,<body>@core_persistence.py_slice.py,SAME AS BEFORE,SAME AS BEFORE,,
KeySpy,12,26d79,NEW@<module>@platform_windows_keylogger.py_slice.py,Core Attack Chain,Core Attack Chain,,Type H
KeySpy,13,216b7,NEW@<module>@platform_linux_keylogger.py_slice.py,Core Attack Chain,Core Attack Chain,,Type H
KeySpy,13,216b7,NEW@<body>@platform_windows_keylogger.py_slice.py,Core Attack Chain,Core Attack Chain,,Type H
KeySpy,13,216b7,NEW@<body>@core_data_handler.py_slice.py,Benign,Benign,,None
KeySpy,13,216b7,NEW@<module>@scripts_test_logging.py_slice.py,Core Attack Chain,Core Attack Chain,,Type H
KeySpy,13,216b7,<module>@scripts_install_dependencies.py_slice.py,SAME AS BEFORE,SAME AS BEFORE,,
KeySpy,13,216b7,NEW@<module>@scripts_run_keylogger.py_slice.py,Core Attack Chain,Core Attack Chain,,Type H
KeySpy,13,216b7,<body>@core_alert_manager.py_slice.py,SAME AS BEFORE,SAME AS BEFORE,,
KeySpy,13,216b7,NEW@<module>@scripts_monitor_keylogger.py_slice.py,Undetermined,Undetermined,,None
KeySpy,13,216b7,NEW@<body>@core_logger.py_slice.py,Core Attack Chain,Core Attack Chain,,Type H
KeySpy,13,216b7,<module>@config_secret_key_generator.py_slice.py,SAME AS BEFORE,SAME AS BEFORE,,
KeySpy,13,216b7,NEW@<module>@platform_mac_keylogger.py_slice.py,Core Attack Chain,Core Attack Chain,,Type H
KeySpy,13,216b7,NEW@<body>@platform_linux_keylogger.py_slice.py,Core Attack Chain,Core Attack Chain,,Type H
KeySpy,13,216b7,NEW@<body>@platform_mac_keylogger.py_slice.py,Core Attack Chain,Core Attack Chain,,Type H
KeySpy,13,216b7,<module>@scripts_setup_env.py_slice.py,SAME AS BEFORE,SAME AS BEFORE,,
KeySpy,13,216b7,<body>@core_persistence.py_slice.py,SAME AS BEFORE,SAME AS BEFORE,,
KeySpy,13,216b7,NEW@<module>@platform_windows_keylogger.py_slice.py,Core Attack Chain,Core Attack Chain,,Type H
KeySpy,14,933b5,<module>@scripts_test_logging.py_slice.py,SAME AS BEFORE,SAME AS BEFORE,,
KeySpy,14,933b5,NEW@<module>@platform_linux_keylogger.py_slice.py,Core Attack Chain,Core Attack Chain,,Type H
KeySpy,14,933b5,NEW@<body>@platform_windows_keylogger.py_slice.py,Core Attack Chain,Core Attack Chain,,Type H
KeySpy,14,933b5,NEW@<body>@tests_test_logger.py_slice.py,Core Attack Chain,Core Attack Chain,,Type H
KeySpy,14,933b5,<module>@scripts_install_dependencies.py_slice.py,SAME AS BEFORE,SAME AS BEFORE,,
KeySpy,14,933b5,<body>@core_data_handler.py_slice.py,SAME AS BEFORE,SAME AS BEFORE,,
KeySpy,14,933b5,NEW@<module>@scripts_run_keylogger.py_slice.py,Core Attack Chain,Core Attack Chain,,Type H
KeySpy,14,933b5,<body>@core_alert_manager.py_slice.py,SAME AS BEFORE,SAME AS BEFORE,,
KeySpy,14,933b5,NEW@<module>@scripts_monitor_keylogger.py_slice.py,Undetermined,Undetermined,,None
KeySpy,14,933b5,NEW@<body>@core_logger.py_slice.py,Core Attack Chain,Core Attack Chain,,Type H
KeySpy,14,933b5,<module>@config_secret_key_generator.py_slice.py,SAME AS BEFORE,SAME AS BEFORE,,
KeySpy,14,933b5,NEW@<module>@platform_mac_keylogger.py_slice.py,Core Attack Chain,Core Attack Chain,,Type H
KeySpy,14,933b5,NEW@<body>@platform_linux_keylogger.py_slice.py,Core Attack Chain,Core Attack Chain,,Type H
KeySpy,14,933b5,NEW@<body>@platform_mac_keylogger.py_slice.py,Core Attack Chain,Core Attack Chain,,Type H
KeySpy,14,933b5,<module>@scripts_setup_env.py_slice.py,SAME AS BEFORE,SAME AS BEFORE,,
KeySpy,14,933b5,<body>@core_persistence.py_slice.py,SAME AS BEFORE,SAME AS BEFORE,,
KeySpy,14,933b5,NEW@<module>@platform_windows_keylogger.py_slice.py,Core Attack Chain,Core Attack Chain,,Type H
KeySpy,15,04fa2,NEW@<module>@platform_linux_keylogger.py_slice.py,Core Attack Chain,Core Attack Chain,,Type H
KeySpy,15,04fa2,NEW@<body>@platform_windows_keylogger.py_slice.py,Core Attack Chain,Core Attack Chain,,Type H
KeySpy,15,04fa2,NEW@<body>@tests_test_logger.py_slice.py,Core Attack Chain,Core Attack Chain,,Type H
KeySpy,15,04fa2,NEW@<body>@tests_test_data_handler.py_slice.py,Benign,Benign,,None
KeySpy,15,04fa2,NEW@<module>@scripts_test_logging.py_slice.py,Core Attack Chain,Core Attack Chain,,Type H
KeySpy,15,04fa2,<module>@scripts_install_dependencies.py_slice.py,SAME AS BEFORE,SAME AS BEFORE,,
KeySpy,15,04fa2,<body>@core_data_handler.py_slice.py,SAME AS BEFORE,SAME AS BEFORE,,
KeySpy,15,04fa2,NEW@<module>@scripts_run_keylogger.py_slice.py,Core Attack Chain,Core Attack Chain,,Type H
KeySpy,15,04fa2,<body>@core_logger.py_slice.py,SAME AS BEFORE,SAME AS BEFORE,,
KeySpy,15,04fa2,<body>@core_alert_manager.py_slice.py,SAME AS BEFORE,SAME AS BEFORE,,
KeySpy,15,04fa2,<module>@config_secret_key_generator.py_slice.py,SAME AS BEFORE,SAME AS BEFORE,,
KeySpy,15,04fa2,NEW@<module>@platform_mac_keylogger.py_slice.py,Core Attack Chain,Core Attack Chain,,Type H
KeySpy,15,04fa2,<module>@scripts_monitor_keylogger.py_slice.py,SAME AS BEFORE,SAME AS BEFORE,,
KeySpy,15,04fa2,NEW@<body>@platform_linux_keylogger.py_slice.py,Core Attack Chain,Core Attack Chain,,Type H
KeySpy,15,04fa2,NEW@<body>@platform_mac_keylogger.py_slice.py,Core Attack Chain,Core Attack Chain,,Type H
KeySpy,15,04fa2,<module>@scripts_setup_env.py_slice.py,SAME AS BEFORE,SAME AS BEFORE,,
KeySpy,15,04fa2,<body>@core_persistence.py_slice.py,SAME AS BEFORE,SAME AS BEFORE,,
KeySpy,15,04fa2,NEW@<module>@platform_windows_keylogger.py_slice.py,Core Attack Chain,Core Attack Chain,,Type H
KeySpy,16,1dc1b,NEW@<module>@platform_linux_keylogger.py_slice.py,Core Attack Chain,Core Attack Chain,,Type H
KeySpy,16,1dc1b,NEW@<body>@platform_windows_keylogger.py_slice.py,Core Attack Chain,Core Attack Chain,,Type H
KeySpy,16,1dc1b,NEW@<body>@tests_test_logger.py_slice.py,Core Attack Chain,Core Attack Chain,,Type H
KeySpy,16,1dc1b,<body>@tests_test_data_handler.py_slice.py,SAME AS BEFORE,SAME AS BEFORE,,
KeySpy,16,1dc1b,NEW@<module>@scripts_test_logging.py_slice.py,Core Attack Chain,Core Attack Chain,,Type H
KeySpy,16,1dc1b,<module>@scripts_install_dependencies.py_slice.py,SAME AS BEFORE,SAME AS BEFORE,,
KeySpy,16,1dc1b,<body>@core_data_handler.py_slice.py,SAME AS BEFORE,SAME AS BEFORE,,
KeySpy,16,1dc1b,NEW@<module>@scripts_run_keylogger.py_slice.py,Core Attack Chain,Core Attack Chain,,Type H
KeySpy,16,1dc1b,<body>@core_logger.py_slice.py,SAME AS BEFORE,SAME AS BEFORE,,
KeySpy,16,1dc1b,NEW@<body>@tests_test_alert_manager.py_slice.py,Benign,Benign,,None
KeySpy,16,1dc1b,<module>@config_secret_key_generator.py_slice.py,SAME AS BEFORE,SAME AS BEFORE,,
KeySpy,16,1dc1b,NEW@<module>@platform_mac_keylogger.py_slice.py,Core Attack Chain,Core Attack Chain,,Type H
KeySpy,16,1dc1b,<module>@scripts_monitor_keylogger.py_slice.py,SAME AS BEFORE,SAME AS BEFORE,,
KeySpy,16,1dc1b,NEW@<body>@platform_linux_keylogger.py_slice.py,Core Attack Chain,Core Attack Chain,,Type H
KeySpy,16,1dc1b,NEW@<body>@core_alert_manager.py_slice.py,Core Attack Chain,Core Attack Chain,,Type H
KeySpy,16,1dc1b,NEW@<body>@platform_mac_keylogger.py_slice.py,Core Attack Chain,Core Attack Chain,,Type H
KeySpy,16,1dc1b,<module>@scripts_setup_env.py_slice.py,SAME AS BEFORE,SAME AS BEFORE,,
KeySpy,16,1dc1b,<body>@core_persistence.py_slice.py,SAME AS BEFORE,SAME AS BEFORE,,
KeySpy,16,1dc1b,NEW@<module>@platform_windows_keylogger.py_slice.py,Core Attack Chain,Core Attack Chain,,Type H
KeySpy,17,71084,NEW@<module>@platform_linux_keylogger.py_slice.py,Core Attack Chain,Core Attack Chain,,Type H
KeySpy,17,71084,NEW@<body>@platform_windows_keylogger.py_slice.py,Core Attack Chain,Core Attack Chain,,Type H
KeySpy,17,71084,NEW@<body>@core_persistence.py_slice.py,Core Attack Chain,Core Attack Chain,,Type H
KeySpy,17,71084,NEW@<body>@tests_test_logger.py_slice.py,Core Attack Chain,Core Attack Chain,,Type H
KeySpy,17,71084,<body>@tests_test_data_handler.py_slice.py,SAME AS BEFORE,SAME AS BEFORE,,
KeySpy,17,71084,NEW@<module>@scripts_test_logging.py_slice.py,Core Attack Chain,Core Attack Chain,,Type H
KeySpy,17,71084,<module>@scripts_install_dependencies.py_slice.py,SAME AS BEFORE,SAME AS BEFORE,,
KeySpy,17,71084,<body>@core_data_handler.py_slice.py,SAME AS BEFORE,SAME AS BEFORE,,
KeySpy,17,71084,NEW@<module>@scripts_run_keylogger.py_slice.py,Core Attack Chain,Core Attack Chain,,Type H
KeySpy,17,71084,<body>@core_logger.py_slice.py,SAME AS BEFORE,SAME AS BEFORE,,
KeySpy,17,71084,<body>@core_alert_manager.py_slice.py,SAME AS BEFORE,SAME AS BEFORE,,
KeySpy,17,71084,<body>@tests_test_alert_manager.py_slice.py,SAME AS BEFORE,SAME AS BEFORE,,
KeySpy,17,71084,<module>@config_secret_key_generator.py_slice.py,SAME AS BEFORE,SAME AS BEFORE,,
KeySpy,17,71084,NEW@<module>@platform_mac_keylogger.py_slice.py,Core Attack Chain,Core Attack Chain,,Type H
KeySpy,17,71084,<module>@scripts_monitor_keylogger.py_slice.py,SAME AS BEFORE,SAME AS BEFORE,,
KeySpy,17,71084,NEW@<body>@platform_linux_keylogger.py_slice.py,Core Attack Chain,Core Attack Chain,,Type H
KeySpy,17,71084,NEW@<body>@tests_test_persistence.py_slice.py,Undetermined,Undetermined,,None
KeySpy,17,71084,NEW@<body>@platform_mac_keylogger.py_slice.py,Core Attack Chain,Core Attack Chain,,Type H
KeySpy,17,71084,<module>@scripts_setup_env.py_slice.py,SAME AS BEFORE,SAME AS BEFORE,,
KeySpy,17,71084,NEW@<module>@platform_windows_keylogger.py_slice.py,Core Attack Chain,Core Attack Chain,,Type H
KeySpy,18,c1a12,NEW@<module>@platform_linux_keylogger.py_slice.py,Core Attack Chain,Core Attack Chain,,Type H
KeySpy,18,c1a12,NEW@<body>@platform_windows_keylogger.py_slice.py,Core Attack Chain,Core Attack Chain,,Type H
KeySpy,18,c1a12,NEW@<body>@tests_test_logger.py_slice.py,Core Attack Chain,Core Attack Chain,,Type H
KeySpy,18,c1a12,<body>@tests_test_data_handler.py_slice.py,SAME AS BEFORE,SAME AS BEFORE,,
KeySpy,18,c1a12,NEW@<module>@scripts_test_logging.py_slice.py,Core Attack Chain,Core Attack Chain,,Type H
KeySpy,18,c1a12,<module>@scripts_install_dependencies.py_slice.py,SAME AS BEFORE,SAME AS BEFORE,,
KeySpy,18,c1a12,<body>@core_data_handler.py_slice.py,SAME AS BEFORE,SAME AS BEFORE,,
KeySpy,18,c1a12,NEW@<module>@scripts_run_keylogger.py_slice.py,Core Attack Chain,Core Attack Chain,,Type H
KeySpy,18,c1a12,<body>@core_logger.py_slice.py,SAME AS BEFORE,SAME AS BEFORE,,
KeySpy,18,c1a12,<body>@core_alert_manager.py_slice.py,SAME AS BEFORE,SAME AS BEFORE,,
KeySpy,18,c1a12,<body>@tests_test_alert_manager.py_slice.py,SAME AS BEFORE,SAME AS BEFORE,,
KeySpy,18,c1a12,<body>@tests_test_persistence.py_slice.py,SAME AS BEFORE,SAME AS BEFORE,,
KeySpy,18,c1a12,<module>@config_secret_key_generator.py_slice.py,SAME AS BEFORE,SAME AS BEFORE,,
KeySpy,18,c1a12,NEW@<module>@platform_mac_keylogger.py_slice.py,Core Attack Chain,Core Attack Chain,,Type H
KeySpy,18,c1a12,<module>@scripts_monitor_keylogger.py_slice.py,SAME AS BEFORE,SAME AS BEFORE,,
KeySpy,18,c1a12,NEW@<body>@platform_linux_keylogger.py_slice.py,Core Attack Chain,Core Attack Chain,,Type H
KeySpy,18,c1a12,NEW@<body>@platform_mac_keylogger.py_slice.py,Core Attack Chain,Core Attack Chain,,Type H
KeySpy,18,c1a12,<module>@scripts_setup_env.py_slice.py,SAME AS BEFORE,SAME AS BEFORE,,
KeySpy,18,c1a12,<body>@core_persistence.py_slice.py,SAME AS BEFORE,SAME AS BEFORE,,
KeySpy,18,c1a12,NEW@<module>@platform_windows_keylogger.py_slice.py,Core Attack Chain,Core Attack Chain,,Type H
KeySpy,19,d4716,NEW@<module>@platform_linux_keylogger.py_slice.py,Core Attack Chain,Core Attack Chain,,Type H
KeySpy,19,d4716,NEW@<body>@platform_windows_keylogger.py_slice.py,Core Attack Chain,Core Attack Chain,,Type H
KeySpy,19,d4716,NEW@<body>@tests_test_logger.py_slice.py,Core Attack Chain,Core Attack Chain,,Type H
KeySpy,19,d4716,<body>@tests_test_data_handler.py_slice.py,SAME AS BEFORE,SAME AS BEFORE,,
KeySpy,19,d4716,NEW@<module>@scripts_test_logging.py_slice.py,Core Attack Chain,Core Attack Chain,,Type H
KeySpy,19,d4716,<module>@scripts_install_dependencies.py_slice.py,SAME AS BEFORE,SAME AS BEFORE,,
KeySpy,19,d4716,<body>@core_data_handler.py_slice.py,SAME AS BEFORE,SAME AS BEFORE,,
KeySpy,19,d4716,NEW@<module>@scripts_run_keylogger.py_slice.py,Core Attack Chain,Core Attack Chain,,Type H
KeySpy,19,d4716,<body>@core_logger.py_slice.py,SAME AS BEFORE,SAME AS BEFORE,,
KeySpy,19,d4716,NEW@<body>@tests_test_config_loader.py_slice.py,Benign,Benign,,None
KeySpy,19,d4716,<body>@core_alert_manager.py_slice.py,SAME AS BEFORE,SAME AS BEFORE,,
KeySpy,19,d4716,<body>@tests_test_alert_manager.py_slice.py,SAME AS BEFORE,SAME AS BEFORE,,
KeySpy,19,d4716,<body>@tests_test_persistence.py_slice.py,SAME AS BEFORE,SAME AS BEFORE,,
KeySpy,19,d4716,<module>@config_secret_key_generator.py_slice.py,SAME AS BEFORE,SAME AS BEFORE,,
KeySpy,19,d4716,NEW@<module>@platform_mac_keylogger.py_slice.py,Core Attack Chain,Core Attack Chain,,Type H
KeySpy,19,d4716,<module>@scripts_monitor_keylogger.py_slice.py,SAME AS BEFORE,SAME AS BEFORE,,
KeySpy,19,d4716,NEW@<body>@platform_linux_keylogger.py_slice.py,Core Attack Chain,Core Attack Chain,,Type H
KeySpy,19,d4716,NEW@<body>@platform_mac_keylogger.py_slice.py,Core Attack Chain,Core Attack Chain,,Type H
KeySpy,19,d4716,<module>@scripts_setup_env.py_slice.py,SAME AS BEFORE,SAME AS BEFORE,,
KeySpy,19,d4716,<body>@core_persistence.py_slice.py,SAME AS BEFORE,SAME AS BEFORE,,
KeySpy,19,d4716,NEW@<module>@platform_windows_keylogger.py_slice.py,Core Attack Chain,Core Attack Chain,,Type H
KeySpy,20,4eacf,NEW@<module>@platform_linux_keylogger.py_slice.py,Core Attack Chain,Core Attack Chain,,Type H
KeySpy,20,4eacf,NEW@<body>@platform_windows_keylogger.py_slice.py,Core Attack Chain,Core Attack Chain,,Type H
KeySpy,20,4eacf,NEW@<body>@tests_test_logger.py_slice.py,Core Attack Chain,Core Attack Chain,,Type H
KeySpy,20,4eacf,<body>@tests_test_data_handler.py_slice.py,SAME AS BEFORE,SAME AS BEFORE,,
KeySpy,20,4eacf,NEW@<module>@scripts_test_logging.py_slice.py,Core Attack Chain,Core Attack Chain,,Type H
KeySpy,20,4eacf,<module>@scripts_install_dependencies.py_slice.py,SAME AS BEFORE,SAME AS BEFORE,,
KeySpy,20,4eacf,<body>@core_data_handler.py_slice.py,SAME AS BEFORE,SAME AS BEFORE,,
KeySpy,20,4eacf,NEW@<module>@scripts_run_keylogger.py_slice.py,Core Attack Chain,Core Attack Chain,,Type H
KeySpy,20,4eacf,<body>@core_logger.py_slice.py,SAME AS BEFORE,SAME AS BEFORE,,
KeySpy,20,4eacf,<body>@core_alert_manager.py_slice.py,SAME AS BEFORE,SAME AS BEFORE,,
KeySpy,20,4eacf,NEW@<module>@utils_encryption.py_slice.py,Benign,Benign,,None
KeySpy,20,4eacf,NEW@<body>@utils_encryption.py_slice.py,Undetermined,Undetermined,,None
KeySpy,20,4eacf,<body>@tests_test_alert_manager.py_slice.py,SAME AS BEFORE,SAME AS BEFORE,,
KeySpy,20,4eacf,<body>@tests_test_persistence.py_slice.py,SAME AS BEFORE,SAME AS BEFORE,,
KeySpy,20,4eacf,<module>@config_secret_key_generator.py_slice.py,SAME AS BEFORE,SAME AS BEFORE,,
KeySpy,20,4eacf,NEW@<module>@platform_mac_keylogger.py_slice.py,Core Attack Chain,Core Attack Chain,,Type H
KeySpy,20,4eacf,<module>@scripts_monitor_keylogger.py_slice.py,SAME AS BEFORE,SAME AS BEFORE,,
KeySpy,20,4eacf,NEW@<body>@platform_linux_keylogger.py_slice.py,Core Attack Chain,Core Attack Chain,,Type H
KeySpy,20,4eacf,<body>@tests_test_config_loader.py_slice.py,SAME AS BEFORE,SAME AS BEFORE,,
KeySpy,20,4eacf,NEW@<body>@platform_mac_keylogger.py_slice.py,Core Attack Chain,Core Attack Chain,,Type H
KeySpy,20,4eacf,<module>@scripts_setup_env.py_slice.py,SAME AS BEFORE,SAME AS BEFORE,,
KeySpy,20,4eacf,<body>@core_persistence.py_slice.py,SAME AS BEFORE,SAME AS BEFORE,,
KeySpy,20,4eacf,NEW@<module>@platform_windows_keylogger.py_slice.py,Core Attack Chain,Core Attack Chain,,Type H
KeySpy,21,119a1,NEW@<module>@platform_linux_keylogger.py_slice.py,Core Attack Chain,Core Attack Chain,,Type H
KeySpy,21,119a1,NEW@<body>@platform_windows_keylogger.py_slice.py,Core Attack Chain,Core Attack Chain,,Type H
KeySpy,21,119a1,NEW@<body>@tests_test_logger.py_slice.py,Core Attack Chain,Core Attack Chain,,Type H
KeySpy,21,119a1,<module>@utils_encryption.py_slice.py,SAME AS BEFORE,SAME AS BEFORE,,
KeySpy,21,119a1,<body>@tests_test_data_handler.py_slice.py,SAME AS BEFORE,SAME AS BEFORE,,
KeySpy,21,119a1,NEW@<module>@scripts_test_logging.py_slice.py,Core Attack Chain,Core Attack Chain,,Type H
KeySpy,21,119a1,<module>@scripts_install_dependencies.py_slice.py,SAME AS BEFORE,SAME AS BEFORE,,
KeySpy,21,119a1,<body>@utils_encryption.py_slice.py,SAME AS BEFORE,SAME AS BEFORE,,
KeySpy,21,119a1,<body>@core_data_handler.py_slice.py,SAME AS BEFORE,SAME AS BEFORE,,
KeySpy,21,119a1,NEW@<module>@scripts_run_keylogger.py_slice.py,Core Attack Chain,Core Attack Chain,,Type H
KeySpy,21,119a1,NEW@<body>@utils_file_handler.py_slice.py,Benign,Benign,,None
KeySpy,21,119a1,<body>@core_logger.py_slice.py,SAME AS BEFORE,SAME AS BEFORE,,
KeySpy,21,119a1,<body>@core_alert_manager.py_slice.py,SAME AS BEFORE,SAME AS BEFORE,,
KeySpy,21,119a1,<body>@tests_test_alert_manager.py_slice.py,SAME AS BEFORE,SAME AS BEFORE,,
KeySpy,21,119a1,<body>@tests_test_persistence.py_slice.py,SAME AS BEFORE,SAME AS BEFORE,,
KeySpy,21,119a1,<module>@config_secret_key_generator.py_slice.py,SAME AS BEFORE,SAME AS BEFORE,,
KeySpy,21,119a1,NEW@<module>@platform_mac_keylogger.py_slice.py,Core Attack Chain,Core Attack Chain,,Type H
KeySpy,21,119a1,<module>@scripts_monitor_keylogger.py_slice.py,SAME AS BEFORE,SAME AS BEFORE,,
KeySpy,21,119a1,NEW@<body>@platform_linux_keylogger.py_slice.py,Core Attack Chain,Core Attack Chain,,Type H
KeySpy,21,119a1,<body>@tests_test_config_loader.py_slice.py,SAME AS BEFORE,SAME AS BEFORE,,
KeySpy,21,119a1,NEW@<body>@platform_mac_keylogger.py_slice.py,Core Attack Chain,Core Attack Chain,,Type H
KeySpy,21,119a1,<module>@scripts_setup_env.py_slice.py,SAME AS BEFORE,SAME AS BEFORE,,
KeySpy,21,119a1,<body>@core_persistence.py_slice.py,SAME AS BEFORE,SAME AS BEFORE,,
KeySpy,21,119a1,NEW@<module>@platform_windows_keylogger.py_slice.py,Core Attack Chain,Core Attack Chain,,Type H
KeySpy,22,46bc5,NEW@<module>@platform_linux_keylogger.py_slice.py,Core Attack Chain,Core Attack Chain,,Type H
KeySpy,22,46bc5,NEW@<body>@platform_windows_keylogger.py_slice.py,Core Attack Chain,Core Attack Chain,,Type H
KeySpy,22,46bc5,NEW@parse_json@utils_formatter.py_slice.py,Benign,Benign,,None
KeySpy,22,46bc5,NEW@<body>@tests_test_logger.py_slice.py,Core Attack Chain,Core Attack Chain,,Type H
KeySpy,22,46bc5,<module>@utils_encryption.py_slice.py,SAME AS BEFORE,SAME AS BEFORE,,
KeySpy,22,46bc5,<body>@tests_test_data_handler.py_slice.py,SAME AS BEFORE,SAME AS BEFORE,,
KeySpy,22,46bc5,NEW@<module>@scripts_test_logging.py_slice.py,Core Attack Chain,Core Attack Chain,,Type H
KeySpy,22,46bc5,<module>@scripts_install_dependencies.py_slice.py,SAME AS BEFORE,SAME AS BEFORE,,
KeySpy,22,46bc5,<body>@utils_encryption.py_slice.py,SAME AS BEFORE,SAME AS BEFORE,,
KeySpy,22,46bc5,<body>@core_data_handler.py_slice.py,SAME AS BEFORE,SAME AS BEFORE,,
KeySpy,22,46bc5,NEW@<module>@scripts_run_keylogger.py_slice.py,Core Attack Chain,Core Attack Chain,,Type H
KeySpy,22,46bc5,<body>@core_logger.py_slice.py,SAME AS BEFORE,SAME AS BEFORE,,
KeySpy,22,46bc5,<body>@core_alert_manager.py_slice.py,SAME AS BEFORE,SAME AS BEFORE,,
KeySpy,22,46bc5,<body>@tests_test_alert_manager.py_slice.py,SAME AS BEFORE,SAME AS BEFORE,,
KeySpy,22,46bc5,<body>@tests_test_persistence.py_slice.py,SAME AS BEFORE,SAME AS BEFORE,,
KeySpy,22,46bc5,<module>@config_secret_key_generator.py_slice.py,SAME AS BEFORE,SAME AS BEFORE,,
KeySpy,22,46bc5,NEW@<module>@platform_mac_keylogger.py_slice.py,Core Attack Chain,Core Attack Chain,,Type H
KeySpy,22,46bc5,<module>@scripts_monitor_keylogger.py_slice.py,SAME AS BEFORE,SAME AS BEFORE,,
KeySpy,22,46bc5,NEW@<body>@platform_linux_keylogger.py_slice.py,Core Attack Chain,Core Attack Chain,,Type H
KeySpy,22,46bc5,<body>@tests_test_config_loader.py_slice.py,SAME AS BEFORE,SAME AS BEFORE,,
KeySpy,22,46bc5,NEW@<body>@platform_mac_keylogger.py_slice.py,Core Attack Chain,Core Attack Chain,,Type H
KeySpy,22,46bc5,<body>@utils_file_handler.py_slice.py,SAME AS BEFORE,SAME AS BEFORE,,
KeySpy,22,46bc5,<module>@scripts_setup_env.py_slice.py,SAME AS BEFORE,SAME AS BEFORE,,
KeySpy,22,46bc5,<body>@core_persistence.py_slice.py,SAME AS BEFORE,SAME AS BEFORE,,
KeySpy,22,46bc5,NEW@<module>@platform_windows_keylogger.py_slice.py,Core Attack Chain,Core Attack Chain,,Type H
KeySpy,23,2e4a4,NEW@<module>@platform_linux_keylogger.py_slice.py,Core Attack Chain,Core Attack Chain,,Type H
KeySpy,23,2e4a4,NEW@<body>@platform_windows_keylogger.py_slice.py,Core Attack Chain,Core Attack Chain,,Type H
KeySpy,23,2e4a4,NEW@<body>@tests_test_logger.py_slice.py,Core Attack Chain,Core Attack Chain,,Type H
KeySpy,23,2e4a4,<module>@utils_encryption.py_slice.py,SAME AS BEFORE,SAME AS BEFORE,,
KeySpy,23,2e4a4,<body>@tests_test_data_handler.py_slice.py,SAME AS BEFORE,SAME AS BEFORE,,
KeySpy,23,2e4a4,NEW@<module>@scripts_test_logging.py_slice.py,Core Attack Chain,Core Attack Chain,,Type H
KeySpy,23,2e4a4,<module>@scripts_install_dependencies.py_slice.py,SAME AS BEFORE,SAME AS BEFORE,,
KeySpy,23,2e4a4,<body>@utils_encryption.py_slice.py,SAME AS BEFORE,SAME AS BEFORE,,
KeySpy,23,2e4a4,<body>@core_data_handler.py_slice.py,SAME AS BEFORE,SAME AS BEFORE,,
KeySpy,23,2e4a4,NEW@<module>@scripts_run_keylogger.py_slice.py,Core Attack Chain,Core Attack Chain,,Type H
KeySpy,23,2e4a4,<body>@core_logger.py_slice.py,SAME AS BEFORE,SAME AS BEFORE,,
KeySpy,23,2e4a4,<body>@core_alert_manager.py_slice.py,SAME AS BEFORE,SAME AS BEFORE,,
KeySpy,23,2e4a4,<body>@tests_test_alert_manager.py_slice.py,SAME AS BEFORE,SAME AS BEFORE,,
KeySpy,23,2e4a4,parse_json@utils_formatter.py_slice.py,SAME AS BEFORE,SAME AS BEFORE,,
KeySpy,23,2e4a4,<body>@tests_test_persistence.py_slice.py,SAME AS BEFORE,SAME AS BEFORE,,
KeySpy,23,2e4a4,<module>@config_secret_key_generator.py_slice.py,SAME AS BEFORE,SAME AS BEFORE,,
KeySpy,23,2e4a4,NEW@<module>@platform_mac_keylogger.py_slice.py,Core Attack Chain,Core Attack Chain,,Type H
KeySpy,23,2e4a4,<module>@scripts_monitor_keylogger.py_slice.py,SAME AS BEFORE,SAME AS BEFORE,,
KeySpy,23,2e4a4,NEW@<body>@platform_linux_keylogger.py_slice.py,Core Attack Chain,Core Attack Chain,,Type H
KeySpy,23,2e4a4,<body>@tests_test_config_loader.py_slice.py,SAME AS BEFORE,SAME AS BEFORE,,
KeySpy,23,2e4a4,NEW@<body>@platform_mac_keylogger.py_slice.py,Core Attack Chain,Core Attack Chain,,Type H
KeySpy,23,2e4a4,<body>@utils_file_handler.py_slice.py,SAME AS BEFORE,SAME AS BEFORE,,
KeySpy,23,2e4a4,NEW@setup_logger@utils_logger.py_slice.py,Benign,Benign,,None
KeySpy,23,2e4a4,<module>@scripts_setup_env.py_slice.py,SAME AS BEFORE,SAME AS BEFORE,,
KeySpy,23,2e4a4,<body>@core_persistence.py_slice.py,SAME AS BEFORE,SAME AS BEFORE,,
KeySpy,23,2e4a4,NEW@<module>@platform_windows_keylogger.py_slice.py,Core Attack Chain,Core Attack Chain,,Type H
KeySpy,24,f69a3,NEW@<module>@platform_linux_keylogger.py_slice.py,Core Attack Chain,Core Attack Chain,,Type H
KeySpy,24,f69a3,NEW@<body>@platform_windows_keylogger.py_slice.py,Core Attack Chain,Core Attack Chain,,Type H
KeySpy,24,f69a3,NEW@<body>@tests_test_logger.py_slice.py,Core Attack Chain,Core Attack Chain,,Type H
KeySpy,24,f69a3,<module>@utils_encryption.py_slice.py,SAME AS BEFORE,SAME AS BEFORE,,
KeySpy,24,f69a3,<body>@tests_test_data_handler.py_slice.py,SAME AS BEFORE,SAME AS BEFORE,,
KeySpy,24,f69a3,NEW@<body>@utils_network.py_slice.py,Benign,Benign,,None
KeySpy,24,f69a3,NEW@<module>@scripts_test_logging.py_slice.py,Core Attack Chain,Core Attack Chain,,Type H
KeySpy,24,f69a3,<module>@scripts_install_dependencies.py_slice.py,SAME AS BEFORE,SAME AS BEFORE,,
KeySpy,24,f69a3,<body>@utils_encryption.py_slice.py,SAME AS BEFORE,SAME AS BEFORE,,
KeySpy,24,f69a3,<body>@core_data_handler.py_slice.py,SAME AS BEFORE,SAME AS BEFORE,,
KeySpy,24,f69a3,NEW@<module>@scripts_run_keylogger.py_slice.py,Core Attack Chain,Core Attack Chain,,Type H
KeySpy,24,f69a3,<body>@core_logger.py_slice.py,SAME AS BEFORE,SAME AS BEFORE,,
KeySpy,24,f69a3,<body>@core_alert_manager.py_slice.py,SAME AS BEFORE,SAME AS BEFORE,,
KeySpy,24,f69a3,<body>@tests_test_alert_manager.py_slice.py,SAME AS BEFORE,SAME AS BEFORE,,
KeySpy,24,f69a3,parse_json@utils_formatter.py_slice.py,SAME AS BEFORE,SAME AS BEFORE,,
KeySpy,24,f69a3,<body>@tests_test_persistence.py_slice.py,SAME AS BEFORE,SAME AS BEFORE,,
KeySpy,24,f69a3,<module>@config_secret_key_generator.py_slice.py,SAME AS BEFORE,SAME AS BEFORE,,
KeySpy,24,f69a3,NEW@<module>@platform_mac_keylogger.py_slice.py,Core Attack Chain,Core Attack Chain,,Type H
KeySpy,24,f69a3,<module>@scripts_monitor_keylogger.py_slice.py,SAME AS BEFORE,SAME AS BEFORE,,
KeySpy,24,f69a3,NEW@<body>@platform_linux_keylogger.py_slice.py,Core Attack Chain,Core Attack Chain,,Type H
KeySpy,24,f69a3,<body>@tests_test_config_loader.py_slice.py,SAME AS BEFORE,SAME AS BEFORE,,
KeySpy,24,f69a3,NEW@<body>@platform_mac_keylogger.py_slice.py,Core Attack Chain,Core Attack Chain,,Type H
KeySpy,24,f69a3,<body>@utils_file_handler.py_slice.py,SAME AS BEFORE,SAME AS BEFORE,,
KeySpy,24,f69a3,setup_logger@utils_logger.py_slice.py,SAME AS BEFORE,SAME AS BEFORE,,
KeySpy,24,f69a3,<module>@scripts_setup_env.py_slice.py,SAME AS BEFORE,SAME AS BEFORE,,
KeySpy,24,f69a3,<body>@core_persistence.py_slice.py,SAME AS BEFORE,SAME AS BEFORE,,
KeySpy,24,f69a3,NEW@<module>@platform_windows_keylogger.py_slice.py,Core Attack Chain,Core Attack Chain,,Type H
KeySpy,25,b65de,NEW@<module>@platform_linux_keylogger.py_slice.py,Core Attack Chain,Core Attack Chain,,Type H
KeySpy,25,b65de,NEW@<body>@platform_windows_keylogger.py_slice.py,Core Attack Chain,Core Attack Chain,,Type H
KeySpy,25,b65de,NEW@<body>@core_persistence.py_slice.py,Core Attack Chain,Core Attack Chain,,Type H
KeySpy,25,b65de,<body>@utils_network.py_slice.py,SAME AS BEFORE,SAME AS BEFORE,,
KeySpy,25,b65de,NEW@<body>@tests_test_logger.py_slice.py,Core Attack Chain,Core Attack Chain,,Type H
KeySpy,25,b65de,<module>@utils_encryption.py_slice.py,SAME AS BEFORE,SAME AS BEFORE,,
KeySpy,25,b65de,<body>@tests_test_data_handler.py_slice.py,SAME AS BEFORE,SAME AS BEFORE,,
KeySpy,25,b65de,NEW@<module>@scripts_install_dependencies.py_slice.py,Benign,Benign,,None
KeySpy,25,b65de,NEW@<body>@core_data_handler.py_slice.py,Benign,Benign,,None
KeySpy,25,b65de,NEW@<module>@setup.py_slice.py,Benign,Benign,,None
KeySpy,25,b65de,NEW@<module>@scripts_test_logging.py_slice.py,Core Attack Chain,Core Attack Chain,,Type H
KeySpy,25,b65de,<body>@utils_encryption.py_slice.py,SAME AS BEFORE,SAME AS BEFORE,,
KeySpy,25,b65de,NEW@<module>@scripts_run_keylogger.py_slice.py,Core Attack Chain,Core Attack Chain,,Type H
KeySpy,25,b65de,<body>@core_alert_manager.py_slice.py,SAME AS BEFORE,SAME AS BEFORE,,
KeySpy,25,b65de,NEW@<module>@scripts_monitor_keylogger.py_slice.py,Undetermined,Undetermined,,None
KeySpy,25,b65de,<body>@tests_test_alert_manager.py_slice.py,SAME AS BEFORE,SAME AS BEFORE,,
KeySpy,25,b65de,parse_json@utils_formatter.py_slice.py,SAME AS BEFORE,SAME AS BEFORE,,
KeySpy,25,b65de,NEW@<body>@core_logger.py_slice.py,Core Attack Chain,Core Attack Chain,,Type H
KeySpy,25,b65de,<body>@tests_test_persistence.py_slice.py,SAME AS BEFORE,SAME AS BEFORE,,
KeySpy,25,b65de,<module>@config_secret_key_generator.py_slice.py,SAME AS BEFORE,SAME AS BEFORE,,
KeySpy,25,b65de,NEW@<module>@platform_mac_keylogger.py_slice.py,Core Attack Chain,Core Attack Chain,,Type H
KeySpy,25,b65de,NEW@<body>@platform_linux_keylogger.py_slice.py,Full Attack Chain,Full Attack Chain,,Type H
KeySpy,25,b65de,<body>@tests_test_config_loader.py_slice.py,SAME AS BEFORE,SAME AS BEFORE,,
KeySpy,25,b65de,NEW@<body>@platform_mac_keylogger.py_slice.py,Core Attack Chain,Core Attack Chain,,Type H
KeySpy,25,b65de,<body>@utils_file_handler.py_slice.py,SAME AS BEFORE,SAME AS BEFORE,,
KeySpy,25,b65de,setup_logger@utils_logger.py_slice.py,SAME AS BEFORE,SAME AS BEFORE,,
KeySpy,25,b65de,<module>@scripts_setup_env.py_slice.py,SAME AS BEFORE,SAME AS BEFORE,,
KeySpy,25,b65de,NEW@<module>@platform_windows_keylogger.py_slice.py,Core Attack Chain,Core Attack Chain,,Type H
KMike,1,798ec,NEW@<module>@ransomware_utils.py_slice.py,Benign,Benign,,None
KMike,1,798ec,NEW@<module>@ransomware_decrypt_files.py_slice.py,Benign,Benign,,None
KMike,1,798ec,NEW@<module>@ransomware_encrypt_files.py_slice.py,Core Attack Chain,Core Attack Chain,,Type C
KMike,2,2b764,NEW@<module>@ransomware_utils.py_slice.py,Benign,Benign,,None
KMike,2,2b764,NEW@<module>@ransomware_decrypt_files.py_slice.py,Benign,Benign,,None
KMike,2,2b764,NEW@<module>@ransomware_encrypt_files.py_slice.py,Benign,Benign,,None
KMike,3,c5401,NEW@<module>@ransomware_basic_functionality___main__.py_slice.py,Core Attack Chain,Core Attack Chain,,Type C
KMike,3,c5401,NEW@<module>@ransomware_basic_functionality_decrypt_files.py_slice.py,Benign,Benign,,None
KMike,3,c5401,NEW@<module>@ransomware_basic_functionality_utils.py_slice.py,Core Attack Chain,Core Attack Chain,,Type C
KMike,3,c5401,NEW@<module>@ransomware_basic_functionality_encrypt_files.py_slice.py,Core Attack Chain,Core Attack Chain,,Type C
KMike,4,4e187,NEW@<module>@ransomware_basic_functionality___main__.py_slice.py,Core Attack Chain,Core Attack Chain,,Type C
KMike,4,4e187,NEW@<module>@ransomware_basic_functionality_decrypt_files.py_slice.py,Benign,Benign,,None
KMike,4,4e187,NEW@<module>@ransomware_basic_functionality_utils.py_slice.py,Core Attack Chain,Core Attack Chain,,Type C
KMike,4,4e187,NEW@<module>@ransomware_basic_functionality_encrypt_files.py_slice.py,Core Attack Chain,Core Attack Chain,,Type C
KMike,5,d08a2,NEW@<module>@ransomware_basic_functionality___main__.py_slice.py,Core Attack Chain,Core Attack Chain,,Type C
KMike,5,d08a2,NEW@<module>@ransomware_basic_functionality_decrypt_files.py_slice.py,Benign,Benign,,None
KMike,5,d08a2,NEW@<module>@ransomware_basic_functionality_utils.py_slice.py,Core Attack Chain,Core Attack Chain,,Type C
KMike,5,d08a2,NEW@<module>@ransomware_basic_functionality_encrypt_files.py_slice.py,Core Attack Chain,Core Attack Chain,,Type C
KMike,6,e3a63,NEW@<module>@ransomware_basic_functionality___main__.py_slice.py,Core Attack Chain,Core Attack Chain,,Type C
KMike,6,e3a63,NEW@<module>@c_and_c_server_server.py_slice.py,Undetermined,Undetermined,,Type J
KMike,6,e3a63,NEW@<body>@c_and_c_server_server.py_slice.py,Core Attack Chain,Core Attack Chain,,Type J
KMike,6,e3a63,NEW@<module>@c_and_c_server_RSA.py_slice.py,Undetermined,Undetermined,,None
KMike,6,e3a63,NEW@<module>@helper_scripts_master_key_pair_gen.py_slice.py,Core Attack Chain,Core Attack Chain,,Type C
KMike,6,e3a63,NEW@<module>@ransomware_basic_functionality_decrypt_files.py_slice.py,Core Attack Chain,Core Attack Chain,,Type C
KMike,6,e3a63,NEW@<module>@ransomware_basic_functionality_utils.py_slice.py,Core Attack Chain,Core Attack Chain,,Type C
KMike,6,e3a63,NEW@<body>@c_and_c_server_RSA.py_slice.py,Undetermined,Undetermined,,None
KMike,6,e3a63,NEW@<module>@ransomware_basic_functionality_encrypt_files.py_slice.py,Core Attack Chain,Core Attack Chain,,Type C
KMike,6,e3a63,NEW@hello_world@c_and_c_server_server.py_slice.py,Core Attack Chain,Core Attack Chain,,Type J
KMike,7,8fb52,<module>@ransomware_basic_functionality_encrypt_files.py_slice.py,SAME AS BEFORE,SAME AS BEFORE,,
KMike,7,8fb52,<module>@ransomware_basic_functionality_utils.py_slice.py,SAME AS BEFORE,SAME AS BEFORE,,
KMike,7,8fb52,NEW@<module>@ransomware_basic_functionality___main__.py_slice.py,Core Attack Chain,Core Attack Chain,,Type C
KMike,7,8fb52,NEW@<module>@c_and_c_server_server.py_slice.py,Undetermined,Undetermined,,None
KMike,7,8fb52,NEW@<module>@ransomware_basic_functionality_decrypt_files.py_slice.py,Core Attack Chain,Core Attack Chain,,Type C
KMike,7,8fb52,<module>@helper_scripts_master_key_pair_gen.py_slice.py,SAME AS BEFORE,SAME AS BEFORE,,
KMike,7,8fb52,NEW@hello_world@c_and_c_server_server.py_slice.py,Undetermined,Undetermined,,None
KMike,8,15cec,<module>@ransomware_basic_functionality_encrypt_files.py_slice.py,SAME AS BEFORE,SAME AS BEFORE,,
KMike,8,15cec,<module>@ransomware_basic_functionality_utils.py_slice.py,SAME AS BEFORE,SAME AS BEFORE,,
KMike,8,15cec,NEW@<module>@ransomware_basic_functionality___main__.py_slice.py,Core Attack Chain,Core Attack Chain,,Type C
KMike,8,15cec,hello_world@c_and_c_server_server.py_slice.py,SAME AS BEFORE,SAME AS BEFORE,,
KMike,8,15cec,NEW@<module>@ransomware_basic_functionality_decrypt_files.py_slice.py,Core Attack Chain,Core Attack Chain,,Type C
KMike,8,15cec,<module>@helper_scripts_master_key_pair_gen.py_slice.py,SAME AS BEFORE,SAME AS BEFORE,,
KMike,8,15cec,<module>@c_and_c_server_server.py_slice.py,SAME AS BEFORE,SAME AS BEFORE,,
KMike,9,dd6c0,NEW@<module>@ransomware_basic_functionality___main__.py_slice.py,Core Attack Chain,Core Attack Chain,,Type C
KMike,9,dd6c0,NEW@<module>@c_and_c_server_server.py_slice.py,Undetermined,Undetermined,,None
KMike,9,dd6c0,NEW@<module>@ransomware_basic_functionality_comms.py_slice.py,Undetermined,Undetermined,,None
KMike,9,dd6c0,NEW@<module>@ransomware_basic_functionality_decrypt_files.py_slice.py,Core Attack Chain,Core Attack Chain,,Type C
KMike,9,dd6c0,<module>@helper_scripts_master_key_pair_gen.py_slice.py,SAME AS BEFORE,SAME AS BEFORE,,
KMike,9,dd6c0,NEW@<module>@ransomware_basic_functionality_utils.py_slice.py,Benign,Benign,,None
KMike,9,dd6c0,NEW@<module>@ransomware_basic_functionality_encrypt_files.py_slice.py,Core Attack Chain,Core Attack Chain,,Type C
KMike,9,dd6c0,NEW@hello_world@c_and_c_server_server.py_slice.py,Undetermined,Undetermined,,None
KMike,10,f9b65,NEW@<module>@ransomware_basic_functionality___main__.py_slice.py,Core Attack Chain,Core Attack Chain,,Type C
KMike,10,f9b65,NEW@<module>@c_and_c_server_server.py_slice.py,Core Attack Chain,Core Attack Chain,,Type A
KMike,10,f9b65,NEW@<module>@c_and_c_server_asymmetric_encryption.py_slice.py,Undetermined,Undetermined,,None
KMike,10,f9b65,NEW@process@c_and_c_server_server.py_slice.py,Core Attack Chain,Core Attack Chain,,Type A
KMike,10,f9b65,NEW@<module>@ransomware_basic_functionality_comms.py_slice.py,Core Attack Chain,Core Attack Chain,,Type A
KMike,10,f9b65,NEW@<module>@ransomware_basic_functionality_decrypt_files.py_slice.py,Core Attack Chain,Core Attack Chain,,Type C
KMike,10,f9b65,<module>@helper_scripts_master_key_pair_gen.py_slice.py,SAME AS BEFORE,SAME AS BEFORE,,
KMike,10,f9b65,NEW@<module>@ransomware_basic_functionality_utils.py_slice.py,Benign,Benign,,None
KMike,10,f9b65,NEW@<module>@ransomware_basic_functionality_encrypt_files.py_slice.py,Core Attack Chain,Core Attack Chain,,Type C
KMike,11,53197,NEW@<module>@ransomware_basic_functionality___main__.py_slice.py,Core Attack Chain,Core Attack Chain,,Type C
KMike,11,53197,NEW@<module>@c_and_c_server_server.py_slice.py,Core Attack Chain,Core Attack Chain,,Type A
KMike,11,53197,NEW@process@c_and_c_server_server.py_slice.py,Core Attack Chain,Core Attack Chain,,Type A
KMike,11,53197,NEW@<module>@ransomware_basic_functionality_decrypt_files.py_slice.py,Core Attack Chain,Core Attack Chain,,Type C
KMike,11,53197,<module>@helper_scripts_master_key_pair_gen.py_slice.py,SAME AS BEFORE,SAME AS BEFORE,,
KMike,11,53197,NEW@<module>@ransomware_basic_functionality_utils.py_slice.py,Benign,Benign,,None
KMike,11,53197,<module>@c_and_c_server_asymmetric_encryption.py_slice.py,SAME AS BEFORE,SAME AS BEFORE,,
KMike,11,53197,<module>@ransomware_basic_functionality_comms.py_slice.py,SAME AS BEFORE,SAME AS BEFORE,,
KMike,11,53197,NEW@<module>@ransomware_basic_functionality_encrypt_files.py_slice.py,Core Attack Chain,Core Attack Chain,,Type C
KMike,12,647fe,NEW@<module>@ransomware_core_decrypt_files.py_slice.py,Core Attack Chain,Core Attack Chain,,Type C
KMike,12,647fe,process@c_and_c_server_server.py_slice.py,SAME AS BEFORE,SAME AS BEFORE,,
KMike,12,647fe,NEW@<module>@ransomware_core___main__.py_slice.py,Core Attack Chain,Core Attack Chain,,Type C
KMike,12,647fe,NEW@<module>@helper_scripts_master_key_pair_gen.py_slice.py,Core Attack Chain,Core Attack Chain,,Type C
KMike,12,647fe,NEW@<module>@ransomware_core_comms.py_slice.py,Core Attack Chain,Core Attack Chain,,Type A
KMike,12,647fe,NEW@<module>@ransomware_core_encrypt_files.py_slice.py,Core Attack Chain,Core Attack Chain,,Type C
KMike,12,647fe,NEW@<module>@ransomware_core_utils.py_slice.py,Core Attack Chain,Core Attack Chain,,Type A
KMike,12,647fe,<module>@c_and_c_server_server.py_slice.py,SAME AS BEFORE,SAME AS BEFORE,,
KMike,12,647fe,<module>@c_and_c_server_asymmetric_encryption.py_slice.py,SAME AS BEFORE,SAME AS BEFORE,,
KMike,13,1ccc9,NEW@<module>@ransomware_core_comms_payment.py_slice.py,Undetermined,Undetermined,,None
KMike,13,1ccc9,NEW@<module>@ransomware_core_decrypt_files.py_slice.py,Benign,Benign,,None
KMike,13,1ccc9,NEW@initialise@c_and_c_server_server.py_slice.py,Core Attack Chain,Core Attack Chain,,Type A
KMike,13,1ccc9,NEW@<module>@c_and_c_server_payment.py_slice.py,Benign,Benign,,None
KMike,13,1ccc9,NEW@<body>@ransomware_core_crypto_asymmetric_encryption.py_slice.py,Core Attack Chain,Core Attack Chain,,Type A
KMike,13,1ccc9,<module>@helper_scripts_master_key_pair_gen.py_slice.py,SAME AS BEFORE,SAME AS BEFORE,,
KMike,13,1ccc9,NEW@<module>@ransomware_core_utils.py_slice.py,Benign,Benign,,None
KMike,13,1ccc9,NEW@<module>@c_and_c_server_utils.py_slice.py,Core Attack Chain,Core Attack Chain,,Type A
KMike,13,1ccc9,NEW@<body>@c_and_c_server_asymmetric_encryption.py_slice.py,Core Attack Chain,Core Attack Chain,,Type A
KMike,13,1ccc9,NEW@<module>@ransomware_core_comms_decrypt.py_slice.py,Undetermined,Undetermined,,None
KMike,13,1ccc9,<module>@c_and_c_server_asymmetric_encryption.py_slice.py,SAME AS BEFORE,SAME AS BEFORE,,
KMike,14,62b21,NEW@<module>@ransomware_core_comms_payment.py_slice.py,Undetermined,Undetermined,,None
KMike,14,62b21,NEW@initialise@c_and_c_server_server.py_slice.py,Core Attack Chain,Core Attack Chain,,Type A
KMike,14,62b21,NEW@<module>@c_and_c_server_db.py_slice.py,Core Attack Chain,Core Attack Chain,,Type A
KMike,14,62b21,NEW@<module>@c_and_c_server_server.py_slice.py,Core Attack Chain,Core Attack Chain,,Type A
KMike,14,62b21,NEW@<module>@c_and_c_server_payment.py_slice.py,Core Attack Chain,Core Attack Chain,,Type A
KMike,14,62b21,NEW@<body>@ransomware_core_crypto_asymmetric_encryption.py_slice.py,Core Attack Chain,Core Attack Chain,,Type A
KMike,14,62b21,<module>@helper_scripts_master_key_pair_gen.py_slice.py,SAME AS BEFORE,SAME AS BEFORE,,
KMike,14,62b21,<module>@ransomware_core_decrypt_files.py_slice.py,SAME AS BEFORE,SAME AS BEFORE,,
KMike,14,62b21,NEW@<module>@ransomware_core_utils.py_slice.py,Benign,Benign,,None
KMike,14,62b21,NEW@<module>@c_and_c_server_utils.py_slice.py,Core Attack Chain,Core Attack Chain,,Type A
KMike,14,62b21,NEW@<body>@c_and_c_server_asymmetric_encryption.py_slice.py,Core Attack Chain,Core Attack Chain,,Type A
KMike,14,62b21,NEW@<module>@ransomware_core_comms_decrypt.py_slice.py,Undetermined,Undetermined,,None
KMike,14,62b21,<module>@c_and_c_server_asymmetric_encryption.py_slice.py,SAME AS BEFORE,SAME AS BEFORE,,
KMike,15,abafd,NEW@<module>@ransomware_core_comms_payment.py_slice.py,Undetermined,Undetermined,,None
KMike,15,abafd,NEW@<module>@ransomware_core_decrypt_files.py_slice.py,Core Attack Chain,Core Attack Chain,,Type C
KMike,15,abafd,NEW@initialise@c_and_c_server_server.py_slice.py,Core Attack Chain,Core Attack Chain,,Type A
KMike,15,abafd,NEW@<module>@c_and_c_server_db.py_slice.py,Core Attack Chain,Core Attack Chain,,Type A
KMike,15,abafd,NEW@<module>@c_and_c_server_server.py_slice.py,Core Attack Chain,Core Attack Chain,,Type A
KMike,15,abafd,NEW@<module>@c_and_c_server_payment.py_slice.py,Core Attack Chain,Core Attack Chain,,Type A
KMike,15,abafd,NEW@<body>@ransomware_core_crypto_asymmetric_encryption.py_slice.py,Core Attack Chain,Core Attack Chain,,Type C
KMike,15,abafd,<module>@helper_scripts_master_key_pair_gen.py_slice.py,SAME AS BEFORE,SAME AS BEFORE,,
KMike,15,abafd,NEW@<module>@ransomware_core_utils.py_slice.py,Core Attack Chain,Core Attack Chain,,Type C
KMike,15,abafd,NEW@<module>@c_and_c_server_utils.py_slice.py,Core Attack Chain,Core Attack Chain,,Type C
KMike,15,abafd,NEW@<body>@c_and_c_server_asymmetric_encryption.py_slice.py,Core Attack Chain,Core Attack Chain,,Type A
KMike,15,abafd,NEW@<module>@ransomware_core_comms_decrypt.py_slice.py,Undetermined,Undetermined,,None
KMike,15,abafd,<module>@c_and_c_server_asymmetric_encryption.py_slice.py,SAME AS BEFORE,SAME AS BEFORE,,
KMike,16,33184,NEW@<module>@ransomware_core_decrypt_files.py_slice.py,Core Attack Chain,Core Attack Chain,,Type C
KMike,16,33184,NEW@initialise@c_and_c_server_server.py_slice.py,Core Attack Chain,Core Attack Chain,,Type A
KMike,16,33184,NEW@<body>@ransomware_core_crypto_asymmetric_encryption.py_slice.py,Core Attack Chain,Core Attack Chain,,Type A
KMike,16,33184,NEW@<module>@ransomware_core_utils_statistics.py_slice.py,Undetermined,Undetermined,,None
KMike,16,33184,<module>@helper_scripts_master_key_pair_gen.py_slice.py,SAME AS BEFORE,SAME AS BEFORE,,
KMike,16,33184,NEW@<module>@ransomware_core_utils_file_ops.py_slice.py,Core Attack Chain,Core Attack Chain,,Type C
KMike,16,33184,<module>@c_and_c_server_payment.py_slice.py,SAME AS BEFORE,SAME AS BEFORE,,
KMike,16,33184,NEW@<module>@ransomware_core_comms_bitcoin_address.py_slice.py,Undetermined,Undetermined,,None
KMike,16,33184,<module>@c_and_c_server_server.py_slice.py,SAME AS BEFORE,SAME AS BEFORE,,
KMike,16,33184,NEW@<module>@c_and_c_server_utils.py_slice.py,Core Attack Chain,Core Attack Chain,,Type A
KMike,16,33184,NEW@<body>@c_and_c_server_asymmetric_encryption.py_slice.py,Core Attack Chain,Core Attack Chain,,Type A
KMike,16,33184,NEW@<module>@ransomware_core_comms_decrypt.py_slice.py,Undetermined,Undetermined,,None
KMike,16,33184,<module>@c_and_c_server_asymmetric_encryption.py_slice.py,SAME AS BEFORE,SAME AS BEFORE,,
KMike,16,33184,<module>@c_and_c_server_db.py_slice.py,SAME AS BEFORE,SAME AS BEFORE,,
KMike,17,d75a9,NEW@<module>@ransomware_core_decrypt_files.py_slice.py,Core Attack Chain,Core Attack Chain,,Type C
KMike,17,d75a9,NEW@initialise@c_and_c_server_server.py_slice.py,Core Attack Chain,Core Attack Chain,,Type A
KMike,17,d75a9,NEW@<module>@c_and_c_server_asymmetric_encryption.py_slice.py,Undetermined,Undetermined,,None
KMike,17,d75a9,NEW@<body>@ransomware_core_crypto_asymmetric_encryption.py_slice.py,Core Attack Chain,Core Attack Chain,,Type C
KMike,17,d75a9,NEW@<module>@ransomware_core_utils_statistics.py_slice.py,Benign,Benign,,None
KMike,17,d75a9,<module>@helper_scripts_master_key_pair_gen.py_slice.py,SAME AS BEFORE,SAME AS BEFORE,,
KMike,17,d75a9,NEW@<module>@ransomware_core_utils_file_ops.py_slice.py,Undetermined,Undetermined,,None
KMike,17,d75a9,<module>@c_and_c_server_payment.py_slice.py,SAME AS BEFORE,SAME AS BEFORE,,
KMike,17,d75a9,NEW@<module>@ransomware_core_comms_bitcoin_address.py_slice.py,Undetermined,Undetermined,,None
KMike,17,d75a9,<module>@c_and_c_server_server.py_slice.py,SAME AS BEFORE,SAME AS BEFORE,,
KMike,17,d75a9,NEW@<module>@c_and_c_server_utils.py_slice.py,Core Attack Chain,Core Attack Chain,,Type A
KMike,17,d75a9,NEW@<body>@c_and_c_server_asymmetric_encryption.py_slice.py,Core Attack Chain,Core Attack Chain,,Type A
KMike,17,d75a9,NEW@<module>@ransomware_core_comms_decrypt.py_slice.py,Undetermined,Undetermined,,None
KMike,17,d75a9,<module>@c_and_c_server_db.py_slice.py,SAME AS BEFORE,SAME AS BEFORE,,
KMike,18,6e12c,initialise@c_and_c_server_server.py_slice.py,SAME AS BEFORE,SAME AS BEFORE,,
KMike,18,6e12c,<module>@c_and_c_server_utils.py_slice.py,SAME AS BEFORE,SAME AS BEFORE,,
KMike,18,6e12c,<module>@ransomware_core_utils_statistics.py_slice.py,SAME AS BEFORE,SAME AS BEFORE,,
KMike,18,6e12c,<module>@ransomware_core_comms_bitcoin_address.py_slice.py,SAME AS BEFORE,SAME AS BEFORE,,
KMike,18,6e12c,<module>@helper_scripts_master_key_pair_gen.py_slice.py,SAME AS BEFORE,SAME AS BEFORE,,
KMike,18,6e12c,<module>@ransomware_core_utils_file_ops.py_slice.py,SAME AS BEFORE,SAME AS BEFORE,,
KMike,18,6e12c,<body>@ransomware_core_crypto_asymmetric_encryption.py_slice.py,SAME AS BEFORE,SAME AS BEFORE,,
KMike,18,6e12c,<module>@ransomware_core_decrypt_files.py_slice.py,SAME AS BEFORE,SAME AS BEFORE,,
KMike,18,6e12c,<module>@c_and_c_server_payment.py_slice.py,SAME AS BEFORE,SAME AS BEFORE,,
KMike,18,6e12c,<module>@c_and_c_server_server.py_slice.py,SAME AS BEFORE,SAME AS BEFORE,,
KMike,18,6e12c,<module>@c_and_c_server_asymmetric_encryption.py_slice.py,SAME AS BEFORE,SAME AS BEFORE,,
KMike,18,6e12c,<module>@c_and_c_server_db.py_slice.py,SAME AS BEFORE,SAME AS BEFORE,,
KMike,18,6e12c,<module>@ransomware_core_comms_decrypt.py_slice.py,SAME AS BEFORE,SAME AS BEFORE,,
KMike,18,6e12c,<body>@c_and_c_server_asymmetric_encryption.py_slice.py,SAME AS BEFORE,SAME AS BEFORE,,
KMike,19,260e6,initialise@c_and_c_server_server.py_slice.py,SAME AS BEFORE,SAME AS BEFORE,,
KMike,19,260e6,<module>@c_and_c_server_utils.py_slice.py,SAME AS BEFORE,SAME AS BEFORE,,
KMike,19,260e6,<module>@ransomware_core_utils_statistics.py_slice.py,SAME AS BEFORE,SAME AS BEFORE,,
KMike,19,260e6,<module>@ransomware_core_comms_bitcoin_address.py_slice.py,SAME AS BEFORE,SAME AS BEFORE,,
KMike,19,260e6,<module>@helper_scripts_master_key_pair_gen.py_slice.py,SAME AS BEFORE,SAME AS BEFORE,,
KMike,19,260e6,<module>@ransomware_core_utils_file_ops.py_slice.py,SAME AS BEFORE,SAME AS BEFORE,,
KMike,19,260e6,<body>@ransomware_core_crypto_asymmetric_encryption.py_slice.py,SAME AS BEFORE,SAME AS BEFORE,,
KMike,19,260e6,<module>@ransomware_core_decrypt_files.py_slice.py,SAME AS BEFORE,SAME AS BEFORE,,
KMike,19,260e6,<module>@c_and_c_server_payment.py_slice.py,SAME AS BEFORE,SAME AS BEFORE,,
KMike,19,260e6,<module>@c_and_c_server_server.py_slice.py,SAME AS BEFORE,SAME AS BEFORE,,
KMike,19,260e6,<module>@c_and_c_server_asymmetric_encryption.py_slice.py,SAME AS BEFORE,SAME AS BEFORE,,
KMike,19,260e6,<module>@c_and_c_server_db.py_slice.py,SAME AS BEFORE,SAME AS BEFORE,,
KMike,19,260e6,<module>@ransomware_core_comms_decrypt.py_slice.py,SAME AS BEFORE,SAME AS BEFORE,,
KMike,19,260e6,<body>@c_and_c_server_asymmetric_encryption.py_slice.py,SAME AS BEFORE,SAME AS BEFORE,,
KMike,20,c18d4,NEW@<module>@ransomware_core_decrypt_files.py_slice.py,Core Attack Chain,Core Attack Chain,,Type C
KMike,20,c18d4,NEW@initialise@c_and_c_server_server.py_slice.py,Core Attack Chain,Core Attack Chain,,Type A
KMike,20,c18d4,NEW@<body>@ransomware_core_crypto_asymmetric_encryption.py_slice.py,Core Attack Chain,Core Attack Chain,,Type C
KMike,20,c18d4,NEW@<module>@ransomware_core_comms_cnc_generator.py_slice.py,Core Attack Chain,Core Attack Chain,,Type J
KMike,20,c18d4,<module>@ransomware_core_utils_statistics.py_slice.py,SAME AS BEFORE,SAME AS BEFORE,,
KMike,20,c18d4,<module>@helper_scripts_master_key_pair_gen.py_slice.py,SAME AS BEFORE,SAME AS BEFORE,,
KMike,20,c18d4,<module>@ransomware_core_utils_file_ops.py_slice.py,SAME AS BEFORE,SAME AS BEFORE,,
KMike,20,c18d4,<module>@c_and_c_server_payment.py_slice.py,SAME AS BEFORE,SAME AS BEFORE,,
KMike,20,c18d4,<module>@c_and_c_server_server.py_slice.py,SAME AS BEFORE,SAME AS BEFORE,,
KMike,20,c18d4,NEW@<module>@c_and_c_server_utils.py_slice.py,Core Attack Chain,Core Attack Chain,,Type A
KMike,20,c18d4,NEW@<body>@c_and_c_server_asymmetric_encryption.py_slice.py,Core Attack Chain,Core Attack Chain,,Type A
KMike,20,c18d4,<module>@c_and_c_server_asymmetric_encryption.py_slice.py,SAME AS BEFORE,SAME AS BEFORE,,
KMike,20,c18d4,<module>@c_and_c_server_db.py_slice.py,SAME AS BEFORE,SAME AS BEFORE,,
KMike,21,bf4f9,NEW@<module>@ransomware_core_decrypt_files.py_slice.py,Core Attack Chain,Core Attack Chain,,Type C
KMike,21,bf4f9,initialise@c_and_c_server_server.py_slice.py,SAME AS BEFORE,SAME AS BEFORE,,
KMike,21,bf4f9,<module>@c_and_c_server_utils.py_slice.py,SAME AS BEFORE,SAME AS BEFORE,,
KMike,21,bf4f9,NEW@<module>@ransomware_core_comms_cnc_generator.py_slice.py,Core Attack Chain,Core Attack Chain,,Type C
KMike,21,bf4f9,<module>@ransomware_core_utils_statistics.py_slice.py,SAME AS BEFORE,SAME AS BEFORE,,
KMike,21,bf4f9,<module>@helper_scripts_master_key_pair_gen.py_slice.py,SAME AS BEFORE,SAME AS BEFORE,,
KMike,21,bf4f9,<module>@ransomware_core_utils_file_ops.py_slice.py,SAME AS BEFORE,SAME AS BEFORE,,
KMike,21,bf4f9,<body>@ransomware_core_crypto_asymmetric_encryption.py_slice.py,SAME AS BEFORE,SAME AS BEFORE,,
KMike,21,bf4f9,<module>@c_and_c_server_payment.py_slice.py,SAME AS BEFORE,SAME AS BEFORE,,
KMike,21,bf4f9,<module>@c_and_c_server_server.py_slice.py,SAME AS BEFORE,SAME AS BEFORE,,
KMike,21,bf4f9,<module>@c_and_c_server_asymmetric_encryption.py_slice.py,SAME AS BEFORE,SAME AS BEFORE,,
KMike,21,bf4f9,<module>@c_and_c_server_db.py_slice.py,SAME AS BEFORE,SAME AS BEFORE,,
KMike,21,bf4f9,<body>@c_and_c_server_asymmetric_encryption.py_slice.py,SAME AS BEFORE,SAME AS BEFORE,,
KMike,22,1f1ca,initialise@c_and_c_server_server.py_slice.py,SAME AS BEFORE,SAME AS BEFORE,,
KMike,22,1f1ca,<module>@c_and_c_server_utils.py_slice.py,SAME AS BEFORE,SAME AS BEFORE,,
KMike,22,1f1ca,<module>@ransomware_core_utils_statistics.py_slice.py,SAME AS BEFORE,SAME AS BEFORE,,
KMike,22,1f1ca,<module>@helper_scripts_master_key_pair_gen.py_slice.py,SAME AS BEFORE,SAME AS BEFORE,,
KMike,22,1f1ca,<module>@ransomware_core_utils_file_ops.py_slice.py,SAME AS BEFORE,SAME AS BEFORE,,
KMike,22,1f1ca,<module>@ransomware_core_comms_cnc_generator.py_slice.py,SAME AS BEFORE,SAME AS BEFORE,,
KMike,22,1f1ca,<body>@ransomware_core_crypto_asymmetric_encryption.py_slice.py,SAME AS BEFORE,SAME AS BEFORE,,
KMike,22,1f1ca,<module>@ransomware_core_decrypt_files.py_slice.py,SAME AS BEFORE,SAME AS BEFORE,,
KMike,22,1f1ca,<module>@c_and_c_server_payment.py_slice.py,SAME AS BEFORE,SAME AS BEFORE,,
KMike,22,1f1ca,<module>@c_and_c_server_server.py_slice.py,SAME AS BEFORE,SAME AS BEFORE,,
KMike,22,1f1ca,<module>@c_and_c_server_asymmetric_encryption.py_slice.py,SAME AS BEFORE,SAME AS BEFORE,,
KMike,22,1f1ca,<module>@c_and_c_server_db.py_slice.py,SAME AS BEFORE,SAME AS BEFORE,,
KMike,22,1f1ca,<body>@c_and_c_server_asymmetric_encryption.py_slice.py,SAME AS BEFORE,SAME AS BEFORE,,
KMike,23,b7edb,initialise@c_and_c_server_server.py_slice.py,SAME AS BEFORE,SAME AS BEFORE,,
KMike,23,b7edb,<module>@c_and_c_server_utils.py_slice.py,SAME AS BEFORE,SAME AS BEFORE,,
KMike,23,b7edb,<module>@ransomware_core_utils_statistics.py_slice.py,SAME AS BEFORE,SAME AS BEFORE,,
KMike,23,b7edb,<module>@helper_scripts_master_key_pair_gen.py_slice.py,SAME AS BEFORE,SAME AS BEFORE,,
KMike,23,b7edb,<module>@ransomware_core_utils_file_ops.py_slice.py,SAME AS BEFORE,SAME AS BEFORE,,
KMike,23,b7edb,<module>@ransomware_core_comms_cnc_generator.py_slice.py,SAME AS BEFORE,SAME AS BEFORE,,
KMike,23,b7edb,<body>@ransomware_core_crypto_asymmetric_encryption.py_slice.py,SAME AS BEFORE,SAME AS BEFORE,,
KMike,23,b7edb,<module>@ransomware_core_decrypt_files.py_slice.py,SAME AS BEFORE,SAME AS BEFORE,,
KMike,23,b7edb,<module>@c_and_c_server_payment.py_slice.py,SAME AS BEFORE,SAME AS BEFORE,,
KMike,23,b7edb,<module>@c_and_c_server_server.py_slice.py,SAME AS BEFORE,SAME AS BEFORE,,
KMike,23,b7edb,<module>@c_and_c_server_asymmetric_encryption.py_slice.py,SAME AS BEFORE,SAME AS BEFORE,,
KMike,23,b7edb,<module>@c_and_c_server_db.py_slice.py,SAME AS BEFORE,SAME AS BEFORE,,
KMike,23,b7edb,<body>@c_and_c_server_asymmetric_encryption.py_slice.py,SAME AS BEFORE,SAME AS BEFORE,,
KMike,24,51fa8,initialise@c_and_c_server_server.py_slice.py,SAME AS BEFORE,SAME AS BEFORE,,
KMike,24,51fa8,<module>@c_and_c_server_utils.py_slice.py,SAME AS BEFORE,SAME AS BEFORE,,
KMike,24,51fa8,<module>@ransomware_core_utils_statistics.py_slice.py,SAME AS BEFORE,SAME AS BEFORE,,
KMike,24,51fa8,<module>@helper_scripts_master_key_pair_gen.py_slice.py,SAME AS BEFORE,SAME AS BEFORE,,
KMike,24,51fa8,<module>@ransomware_core_utils_file_ops.py_slice.py,SAME AS BEFORE,SAME AS BEFORE,,
KMike,24,51fa8,<module>@ransomware_core_comms_cnc_generator.py_slice.py,SAME AS BEFORE,SAME AS BEFORE,,
KMike,24,51fa8,<body>@ransomware_core_crypto_asymmetric_encryption.py_slice.py,SAME AS BEFORE,SAME AS BEFORE,,
KMike,24,51fa8,<module>@ransomware_core_decrypt_files.py_slice.py,SAME AS BEFORE,SAME AS BEFORE,,
KMike,24,51fa8,<module>@c_and_c_server_payment.py_slice.py,SAME AS BEFORE,SAME AS BEFORE,,
KMike,24,51fa8,<module>@c_and_c_server_server.py_slice.py,SAME AS BEFORE,SAME AS BEFORE,,
KMike,24,51fa8,<module>@c_and_c_server_asymmetric_encryption.py_slice.py,SAME AS BEFORE,SAME AS BEFORE,,
KMike,24,51fa8,<module>@c_and_c_server_db.py_slice.py,SAME AS BEFORE,SAME AS BEFORE,,
KMike,24,51fa8,<body>@c_and_c_server_asymmetric_encryption.py_slice.py,SAME AS BEFORE,SAME AS BEFORE,,
KMike,25,7aa7d,NEW@<module>@ransomware_core_decrypt_files.py_slice.py,Core Attack Chain,Core Attack Chain,,Type C
KMike,25,7aa7d,initialise@c_and_c_server_server.py_slice.py,SAME AS BEFORE,SAME AS BEFORE,,
KMike,25,7aa7d,<module>@c_and_c_server_utils.py_slice.py,SAME AS BEFORE,SAME AS BEFORE,,
KMike,25,7aa7d,NEW@<module>@ransomware_core_comms_cnc_generator.py_slice.py,Core Attack Chain,Core Attack Chain,,Type C
KMike,25,7aa7d,<module>@ransomware_core_utils_statistics.py_slice.py,SAME AS BEFORE,SAME AS BEFORE,,
KMike,25,7aa7d,<module>@helper_scripts_master_key_pair_gen.py_slice.py,SAME AS BEFORE,SAME AS BEFORE,,
KMike,25,7aa7d,<module>@ransomware_core_utils_file_ops.py_slice.py,SAME AS BEFORE,SAME AS BEFORE,,
KMike,25,7aa7d,<body>@ransomware_core_crypto_asymmetric_encryption.py_slice.py,SAME AS BEFORE,SAME AS BEFORE,,
KMike,25,7aa7d,<module>@c_and_c_server_payment.py_slice.py,SAME AS BEFORE,SAME AS BEFORE,,
KMike,25,7aa7d,<module>@c_and_c_server_server.py_slice.py,SAME AS BEFORE,SAME AS BEFORE,,
KMike,25,7aa7d,<module>@c_and_c_server_asymmetric_encryption.py_slice.py,SAME AS BEFORE,SAME AS BEFORE,,
KMike,25,7aa7d,<module>@c_and_c_server_db.py_slice.py,SAME AS BEFORE,SAME AS BEFORE,,
KMike,25,7aa7d,<body>@c_and_c_server_asymmetric_encryption.py_slice.py,SAME AS BEFORE,SAME AS BEFORE,,
KMike,26,36360,initialise@c_and_c_server_server.py_slice.py,SAME AS BEFORE,SAME AS BEFORE,,
KMike,26,36360,<module>@c_and_c_server_utils.py_slice.py,SAME AS BEFORE,SAME AS BEFORE,,
KMike,26,36360,<module>@ransomware_core_utils_statistics.py_slice.py,SAME AS BEFORE,SAME AS BEFORE,,
KMike,26,36360,<module>@helper_scripts_master_key_pair_gen.py_slice.py,SAME AS BEFORE,SAME AS BEFORE,,
KMike,26,36360,<module>@ransomware_core_utils_file_ops.py_slice.py,SAME AS BEFORE,SAME AS BEFORE,,
KMike,26,36360,<module>@ransomware_core_comms_cnc_generator.py_slice.py,SAME AS BEFORE,SAME AS BEFORE,,
KMike,26,36360,<body>@ransomware_core_crypto_asymmetric_encryption.py_slice.py,SAME AS BEFORE,SAME AS BEFORE,,
KMike,26,36360,<module>@ransomware_core_decrypt_files.py_slice.py,SAME AS BEFORE,SAME AS BEFORE,,
KMike,26,36360,<module>@c_and_c_server_payment.py_slice.py,SAME AS BEFORE,SAME AS BEFORE,,
KMike,26,36360,<module>@c_and_c_server_server.py_slice.py,SAME AS BEFORE,SAME AS BEFORE,,
KMike,26,36360,<module>@c_and_c_server_asymmetric_encryption.py_slice.py,SAME AS BEFORE,SAME AS BEFORE,,
KMike,26,36360,<module>@c_and_c_server_db.py_slice.py,SAME AS BEFORE,SAME AS BEFORE,,
KMike,26,36360,<body>@c_and_c_server_asymmetric_encryption.py_slice.py,SAME AS BEFORE,SAME AS BEFORE,,
KMike,27,9873a,NEW@<module>@ransomware_core_decrypt_files.py_slice.py,Core Attack Chain,Core Attack Chain,,Type C
KMike,27,9873a,NEW@initialise@c_and_c_server_server.py_slice.py,Core Attack Chain,Core Attack Chain,,Type E
KMike,27,9873a,NEW@<module>@c_and_c_server_db.py_slice.py,Core Attack Chain,Core Attack Chain,,Type A
KMike,27,9873a,NEW@<module>@c_and_c_server_server.py_slice.py,Core Attack Chain,Core Attack Chain,,Type A
KMike,27,9873a,NEW@<module>@c_and_c_server_payment.py_slice.py,Core Attack Chain,Core Attack Chain,,Type E
KMike,27,9873a,NEW@<body>@ransomware_core_crypto_asymmetric_encryption.py_slice.py,Core Attack Chain,Core Attack Chain,,Type A
KMike,27,9873a,NEW@<module>@ransomware_core_comms_cnc_generator.py_slice.py,Core Attack Chain,Core Attack Chain,,Type C
KMike,27,9873a,<module>@ransomware_core_utils_statistics.py_slice.py,SAME AS BEFORE,SAME AS BEFORE,,
KMike,27,9873a,<module>@helper_scripts_master_key_pair_gen.py_slice.py,SAME AS BEFORE,SAME AS BEFORE,,
KMike,27,9873a,<module>@ransomware_core_utils_file_ops.py_slice.py,SAME AS BEFORE,SAME AS BEFORE,,
KMike,27,9873a,NEW@<module>@c_and_c_server_utils.py_slice.py,Core Attack Chain,Core Attack Chain,,Type A
KMike,27,9873a,NEW@<body>@c_and_c_server_asymmetric_encryption.py_slice.py,Core Attack Chain,Core Attack Chain,,Type A
KMike,27,9873a,<module>@c_and_c_server_asymmetric_encryption.py_slice.py,SAME AS BEFORE,SAME AS BEFORE,,
KMike,28,ef755,NEW@<module>@ransomware_core_decrypt_files.py_slice.py,Core Attack Chain,Core Attack Chain,,Type C
KMike,28,ef755,NEW@initialise@c_and_c_server_server.py_slice.py,Core Attack Chain,Core Attack Chain,,Type A
KMike,28,ef755,NEW@<module>@c_and_c_server_db.py_slice.py,Core Attack Chain,Core Attack Chain,,Type A
KMike,28,ef755,NEW@<module>@c_and_c_server_server.py_slice.py,Core Attack Chain,Core Attack Chain,,Type A
KMike,28,ef755,NEW@<module>@c_and_c_server_payment.py_slice.py,Core Attack Chain,Core Attack Chain,,Type E
KMike,28,ef755,NEW@<body>@ransomware_core_crypto_asymmetric_encryption.py_slice.py,Core Attack Chain,Core Attack Chain,,Type A
KMike,28,ef755,NEW@<module>@ransomware_core_comms_cnc_generator.py_slice.py,Core Attack Chain,Core Attack Chain,,Type C
KMike,28,ef755,<module>@ransomware_core_utils_statistics.py_slice.py,SAME AS BEFORE,SAME AS BEFORE,,
KMike,28,ef755,<module>@helper_scripts_master_key_pair_gen.py_slice.py,SAME AS BEFORE,SAME AS BEFORE,,
KMike,28,ef755,<module>@ransomware_core_utils_file_ops.py_slice.py,SAME AS BEFORE,SAME AS BEFORE,,
KMike,28,ef755,NEW@<module>@c_and_c_server_utils.py_slice.py,Core Attack Chain,Core Attack Chain,,Type A
KMike,28,ef755,NEW@<body>@c_and_c_server_asymmetric_encryption.py_slice.py,Core Attack Chain,Core Attack Chain,,Type A
KMike,28,ef755,<module>@c_and_c_server_asymmetric_encryption.py_slice.py,SAME AS BEFORE,SAME AS BEFORE,,
KMike,29,658cc,NEW@<module>@ransomware_core_decrypt_files.py_slice.py,Core Attack Chain,Core Attack Chain,,Type C
KMike,29,658cc,initialise@c_and_c_server_server.py_slice.py,SAME AS BEFORE,SAME AS BEFORE,,
KMike,29,658cc,<module>@c_and_c_server_utils.py_slice.py,SAME AS BEFORE,SAME AS BEFORE,,
KMike,29,658cc,NEW@<module>@ransomware_core_comms_cnc_generator.py_slice.py,Core Attack Chain,Core Attack Chain,,Type J
KMike,29,658cc,<module>@ransomware_core_utils_statistics.py_slice.py,SAME AS BEFORE,SAME AS BEFORE,,
KMike,29,658cc,<module>@helper_scripts_master_key_pair_gen.py_slice.py,SAME AS BEFORE,SAME AS BEFORE,,
KMike,29,658cc,<body>@ransomware_core_crypto_asymmetric_encryption.py_slice.py,SAME AS BEFORE,SAME AS BEFORE,,
KMike,29,658cc,NEW@<module>@ransomware_core_utils_file_ops.py_slice.py,Core Attack Chain,Core Attack Chain,,Type C
KMike,29,658cc,<module>@c_and_c_server_payment.py_slice.py,SAME AS BEFORE,SAME AS BEFORE,,
KMike,29,658cc,<module>@c_and_c_server_server.py_slice.py,SAME AS BEFORE,SAME AS BEFORE,,
KMike,29,658cc,<module>@c_and_c_server_asymmetric_encryption.py_slice.py,SAME AS BEFORE,SAME AS BEFORE,,
KMike,29,658cc,<module>@c_and_c_server_db.py_slice.py,SAME AS BEFORE,SAME AS BEFORE,,
KMike,29,658cc,<body>@c_and_c_server_asymmetric_encryption.py_slice.py,SAME AS BEFORE,SAME AS BEFORE,,
KMike,30,6201f,NEW@<module>@ransomware_core_decrypt_files.py_slice.py,Core Attack Chain,Core Attack Chain,,Type C
KMike,30,6201f,initialise@c_and_c_server_server.py_slice.py,SAME AS BEFORE,SAME AS BEFORE,,
KMike,30,6201f,<module>@c_and_c_server_utils.py_slice.py,SAME AS BEFORE,SAME AS BEFORE,,
KMike,30,6201f,NEW@<module>@ransomware_core_comms_cnc_generator.py_slice.py,Core Attack Chain,Core Attack Chain,,Type C
KMike,30,6201f,<module>@ransomware_core_utils_statistics.py_slice.py,SAME AS BEFORE,SAME AS BEFORE,,
KMike,30,6201f,<module>@helper_scripts_master_key_pair_gen.py_slice.py,SAME AS BEFORE,SAME AS BEFORE,,
KMike,30,6201f,<module>@ransomware_core_utils_file_ops.py_slice.py,SAME AS BEFORE,SAME AS BEFORE,,
KMike,30,6201f,<body>@ransomware_core_crypto_asymmetric_encryption.py_slice.py,SAME AS BEFORE,SAME AS BEFORE,,
KMike,30,6201f,<module>@c_and_c_server_payment.py_slice.py,SAME AS BEFORE,SAME AS BEFORE,,
KMike,30,6201f,<module>@c_and_c_server_server.py_slice.py,SAME AS BEFORE,SAME AS BEFORE,,
KMike,30,6201f,<module>@c_and_c_server_asymmetric_encryption.py_slice.py,SAME AS BEFORE,SAME AS BEFORE,,
KMike,30,6201f,<module>@c_and_c_server_db.py_slice.py,SAME AS BEFORE,SAME AS BEFORE,,
KMike,30,6201f,<body>@c_and_c_server_asymmetric_encryption.py_slice.py,SAME AS BEFORE,SAME AS BEFORE,,
KMike,31,3a48f,initialise@c_and_c_server_server.py_slice.py,SAME AS BEFORE,SAME AS BEFORE,,
KMike,31,3a48f,<module>@c_and_c_server_utils.py_slice.py,SAME AS BEFORE,SAME AS BEFORE,,
KMike,31,3a48f,<module>@ransomware_core_utils_statistics.py_slice.py,SAME AS BEFORE,SAME AS BEFORE,,
KMike,31,3a48f,<module>@helper_scripts_master_key_pair_gen.py_slice.py,SAME AS BEFORE,SAME AS BEFORE,,
KMike,31,3a48f,<module>@ransomware_core_utils_file_ops.py_slice.py,SAME AS BEFORE,SAME AS BEFORE,,
KMike,31,3a48f,<module>@ransomware_core_comms_cnc_generator.py_slice.py,SAME AS BEFORE,SAME AS BEFORE,,
KMike,31,3a48f,<body>@ransomware_core_crypto_asymmetric_encryption.py_slice.py,SAME AS BEFORE,SAME AS BEFORE,,
KMike,31,3a48f,<module>@ransomware_core_decrypt_files.py_slice.py,SAME AS BEFORE,SAME AS BEFORE,,
KMike,31,3a48f,<module>@c_and_c_server_payment.py_slice.py,SAME AS BEFORE,SAME AS BEFORE,,
KMike,31,3a48f,<module>@c_and_c_server_server.py_slice.py,SAME AS BEFORE,SAME AS BEFORE,,
KMike,31,3a48f,<module>@c_and_c_server_asymmetric_encryption.py_slice.py,SAME AS BEFORE,SAME AS BEFORE,,
KMike,31,3a48f,<module>@c_and_c_server_db.py_slice.py,SAME AS BEFORE,SAME AS BEFORE,,
KMike,31,3a48f,<body>@c_and_c_server_asymmetric_encryption.py_slice.py,SAME AS BEFORE,SAME AS BEFORE,,
KMike,32,8ed32,initialise@c_and_c_server_server.py_slice.py,SAME AS BEFORE,SAME AS BEFORE,,
KMike,32,8ed32,<module>@c_and_c_server_utils.py_slice.py,SAME AS BEFORE,SAME AS BEFORE,,
KMike,32,8ed32,<module>@ransomware_core_utils_statistics.py_slice.py,SAME AS BEFORE,SAME AS BEFORE,,
KMike,32,8ed32,<module>@helper_scripts_master_key_pair_gen.py_slice.py,SAME AS BEFORE,SAME AS BEFORE,,
KMike,32,8ed32,<module>@ransomware_core_utils_file_ops.py_slice.py,SAME AS BEFORE,SAME AS BEFORE,,
KMike,32,8ed32,<module>@ransomware_core_comms_cnc_generator.py_slice.py,SAME AS BEFORE,SAME AS BEFORE,,
KMike,32,8ed32,<body>@ransomware_core_crypto_asymmetric_encryption.py_slice.py,SAME AS BEFORE,SAME AS BEFORE,,
KMike,32,8ed32,<module>@ransomware_core_decrypt_files.py_slice.py,SAME AS BEFORE,SAME AS BEFORE,,
KMike,32,8ed32,<module>@c_and_c_server_payment.py_slice.py,SAME AS BEFORE,SAME AS BEFORE,,
KMike,32,8ed32,<module>@c_and_c_server_server.py_slice.py,SAME AS BEFORE,SAME AS BEFORE,,
KMike,32,8ed32,<module>@c_and_c_server_asymmetric_encryption.py_slice.py,SAME AS BEFORE,SAME AS BEFORE,,
KMike,32,8ed32,<module>@c_and_c_server_db.py_slice.py,SAME AS BEFORE,SAME AS BEFORE,,
KMike,32,8ed32,<body>@c_and_c_server_asymmetric_encryption.py_slice.py,SAME AS BEFORE,SAME AS BEFORE,,
KMike,33,55750,initialise@c_and_c_server_server.py_slice.py,SAME AS BEFORE,SAME AS BEFORE,,
KMike,33,55750,<module>@c_and_c_server_utils.py_slice.py,SAME AS BEFORE,SAME AS BEFORE,,
KMike,33,55750,<module>@ransomware_core_utils_statistics.py_slice.py,SAME AS BEFORE,SAME AS BEFORE,,
KMike,33,55750,<module>@helper_scripts_master_key_pair_gen.py_slice.py,SAME AS BEFORE,SAME AS BEFORE,,
KMike,33,55750,<module>@ransomware_core_utils_file_ops.py_slice.py,SAME AS BEFORE,SAME AS BEFORE,,
KMike,33,55750,<module>@ransomware_core_comms_cnc_generator.py_slice.py,SAME AS BEFORE,SAME AS BEFORE,,
KMike,33,55750,<body>@ransomware_core_crypto_asymmetric_encryption.py_slice.py,SAME AS BEFORE,SAME AS BEFORE,,
KMike,33,55750,<module>@ransomware_core_decrypt_files.py_slice.py,SAME AS BEFORE,SAME AS BEFORE,,
KMike,33,55750,<module>@c_and_c_server_payment.py_slice.py,SAME AS BEFORE,SAME AS BEFORE,,
KMike,33,55750,<module>@c_and_c_server_server.py_slice.py,SAME AS BEFORE,SAME AS BEFORE,,
KMike,33,55750,<module>@c_and_c_server_asymmetric_encryption.py_slice.py,SAME AS BEFORE,SAME AS BEFORE,,
KMike,33,55750,<module>@c_and_c_server_db.py_slice.py,SAME AS BEFORE,SAME AS BEFORE,,
KMike,33,55750,<body>@c_and_c_server_asymmetric_encryption.py_slice.py,SAME AS BEFORE,SAME AS BEFORE,,
KMike,34,3f8b3,NEW@<module>@ransomware_core_decrypt_files.py_slice.py,Core Attack Chain,Core Attack Chain,,Type A
KMike,34,3f8b3,NEW@initialise@c_and_c_server_server.py_slice.py,Core Attack Chain,Core Attack Chain,,Type A
KMike,34,3f8b3,NEW@<module>@c_and_c_server_db.py_slice.py,Core Attack Chain,Core Attack Chain,,Type A
KMike,34,3f8b3,NEW@<module>@c_and_c_server_server.py_slice.py,Core Attack Chain,Core Attack Chain,,Type A
KMike,34,3f8b3,NEW@<module>@c_and_c_server_payment.py_slice.py,Core Attack Chain,Core Attack Chain,,Type A
KMike,34,3f8b3,NEW@<body>@ransomware_core_crypto_asymmetric_encryption.py_slice.py,Core Attack Chain,Core Attack Chain,,Type A
KMike,34,3f8b3,NEW@<module>@ransomware_core_utils_statistics.py_slice.py,Benign,Benign,,None
KMike,34,3f8b3,NEW@<module>@ransomware_core_comms_cnc_generator.py_slice.py,Core Attack Chain,Core Attack Chain,,Type J
KMike,34,3f8b3,<module>@helper_scripts_master_key_pair_gen.py_slice.py,SAME AS BEFORE,SAME AS BEFORE,,
KMike,34,3f8b3,NEW@<module>@ransomware_core_utils_file_ops.py_slice.py,Core Attack Chain,Core Attack Chain,,Type C
KMike,34,3f8b3,NEW@<module>@ransomware_core_comms_bitcoin_address.py_slice.py,Core Attack Chain,Core Attack Chain,,Type J
KMike,34,3f8b3,NEW@<module>@c_and_c_server_utils.py_slice.py,Core Attack Chain,Core Attack Chain,,Type A
KMike,34,3f8b3,NEW@<body>@c_and_c_server_asymmetric_encryption.py_slice.py,Core Attack Chain,Core Attack Chain,,Type A
KMike,34,3f8b3,NEW@<module>@ransomware_core_comms_decrypt.py_slice.py,Core Attack Chain,Core Attack Chain,,Type A
KMike,34,3f8b3,<module>@c_and_c_server_asymmetric_encryption.py_slice.py,SAME AS BEFORE,SAME AS BEFORE,,
KMike,35,a7ccd,initialise@c_and_c_server_server.py_slice.py,SAME AS BEFORE,SAME AS BEFORE,,
KMike,35,a7ccd,<module>@c_and_c_server_utils.py_slice.py,SAME AS BEFORE,SAME AS BEFORE,,
KMike,35,a7ccd,<module>@ransomware_core_utils_statistics.py_slice.py,SAME AS BEFORE,SAME AS BEFORE,,
KMike,35,a7ccd,<module>@ransomware_core_comms_bitcoin_address.py_slice.py,SAME AS BEFORE,SAME AS BEFORE,,
KMike,35,a7ccd,<module>@helper_scripts_master_key_pair_gen.py_slice.py,SAME AS BEFORE,SAME AS BEFORE,,
KMike,35,a7ccd,<module>@ransomware_core_comms_cnc_generator.py_slice.py,SAME AS BEFORE,SAME AS BEFORE,,
KMike,35,a7ccd,<body>@ransomware_core_crypto_asymmetric_encryption.py_slice.py,SAME AS BEFORE,SAME AS BEFORE,,
KMike,35,a7ccd,NEW@<module>@ransomware_core_utils_file_ops.py_slice.py,Core Attack Chain,Core Attack Chain,,Type C
KMike,35,a7ccd,<module>@ransomware_core_decrypt_files.py_slice.py,SAME AS BEFORE,SAME AS BEFORE,,
KMike,35,a7ccd,<module>@c_and_c_server_payment.py_slice.py,SAME AS BEFORE,SAME AS BEFORE,,
KMike,35,a7ccd,<module>@c_and_c_server_server.py_slice.py,SAME AS BEFORE,SAME AS BEFORE,,
KMike,35,a7ccd,<module>@c_and_c_server_asymmetric_encryption.py_slice.py,SAME AS BEFORE,SAME AS BEFORE,,
KMike,35,a7ccd,<module>@c_and_c_server_db.py_slice.py,SAME AS BEFORE,SAME AS BEFORE,,
KMike,35,a7ccd,<module>@ransomware_core_comms_decrypt.py_slice.py,SAME AS BEFORE,SAME AS BEFORE,,
KMike,35,a7ccd,<body>@c_and_c_server_asymmetric_encryption.py_slice.py,SAME AS BEFORE,SAME AS BEFORE,,
KMike,36,602d0,NEW@<module>@ransomware_core_decrypt_files.py_slice.py,Core Attack Chain,Core Attack Chain,,Type A
KMike,36,602d0,NEW@initialise@c_and_c_server_server.py_slice.py,Core Attack Chain,Core Attack Chain,,Type A
KMike,36,602d0,NEW@<module>@c_and_c_server_db.py_slice.py,Core Attack Chain,Core Attack Chain,,Type A
KMike,36,602d0,NEW@<module>@c_and_c_server_server.py_slice.py,Core Attack Chain,Core Attack Chain,,Type A
KMike,36,602d0,NEW@<module>@c_and_c_server_payment.py_slice.py,Core Attack Chain,Core Attack Chain,,Type A
KMike,36,602d0,NEW@<body>@ransomware_core_crypto_asymmetric_encryption.py_slice.py,Core Attack Chain,Core Attack Chain,,Type A
KMike,36,602d0,NEW@<module>@ransomware_core_utils_statistics.py_slice.py,Benign,Benign,,None
KMike,36,602d0,NEW@<module>@ransomware_core_comms_cnc_generator.py_slice.py,Core Attack Chain,Core Attack Chain,,Type J
KMike,36,602d0,<module>@helper_scripts_master_key_pair_gen.py_slice.py,SAME AS BEFORE,SAME AS BEFORE,,
KMike,36,602d0,NEW@<module>@ransomware_core_utils_file_ops.py_slice.py,Core Attack Chain,Core Attack Chain,,Type C
KMike,36,602d0,NEW@<module>@ransomware_core_comms_bitcoin_address.py_slice.py,Core Attack Chain,Core Attack Chain,,Type J
KMike,36,602d0,NEW@<module>@c_and_c_server_utils.py_slice.py,Core Attack Chain,Core Attack Chain,,Type E
KMike,36,602d0,NEW@<body>@c_and_c_server_asymmetric_encryption.py_slice.py,Core Attack Chain,Core Attack Chain,,Type E
KMike,36,602d0,NEW@<module>@ransomware_core_comms_decrypt.py_slice.py,Core Attack Chain,Core Attack Chain,,Type A
KMike,36,602d0,<module>@c_and_c_server_asymmetric_encryption.py_slice.py,SAME AS BEFORE,SAME AS BEFORE,,
KMike,37,a6b60,initialise@c_and_c_server_server.py_slice.py,SAME AS BEFORE,SAME AS BEFORE,,
KMike,37,a6b60,<module>@c_and_c_server_utils.py_slice.py,SAME AS BEFORE,SAME AS BEFORE,,
KMike,37,a6b60,<module>@ransomware_core_utils_statistics.py_slice.py,SAME AS BEFORE,SAME AS BEFORE,,
KMike,37,a6b60,<module>@ransomware_core_comms_bitcoin_address.py_slice.py,SAME AS BEFORE,SAME AS BEFORE,,
KMike,37,a6b60,<module>@helper_scripts_master_key_pair_gen.py_slice.py,SAME AS BEFORE,SAME AS BEFORE,,
KMike,37,a6b60,<module>@ransomware_core_utils_file_ops.py_slice.py,SAME AS BEFORE,SAME AS BEFORE,,
KMike,37,a6b60,<module>@ransomware_core_comms_cnc_generator.py_slice.py,SAME AS BEFORE,SAME AS BEFORE,,
KMike,37,a6b60,<body>@ransomware_core_crypto_asymmetric_encryption.py_slice.py,SAME AS BEFORE,SAME AS BEFORE,,
KMike,37,a6b60,<module>@ransomware_core_decrypt_files.py_slice.py,SAME AS BEFORE,SAME AS BEFORE,,
KMike,37,a6b60,<module>@c_and_c_server_payment.py_slice.py,SAME AS BEFORE,SAME AS BEFORE,,
KMike,37,a6b60,<module>@c_and_c_server_server.py_slice.py,SAME AS BEFORE,SAME AS BEFORE,,
KMike,37,a6b60,<module>@c_and_c_server_asymmetric_encryption.py_slice.py,SAME AS BEFORE,SAME AS BEFORE,,
KMike,37,a6b60,<module>@c_and_c_server_db.py_slice.py,SAME AS BEFORE,SAME AS BEFORE,,
KMike,37,a6b60,<module>@ransomware_core_comms_decrypt.py_slice.py,SAME AS BEFORE,SAME AS BEFORE,,
KMike,37,a6b60,<body>@c_and_c_server_asymmetric_encryption.py_slice.py,SAME AS BEFORE,SAME AS BEFORE,,
KMike,38,ad463,NEW@<module>@ransomware_core_decrypt_files.py_slice.py,Core Attack Chain,Core Attack Chain,,Type A
KMike,38,ad463,NEW@initialise@c_and_c_server_server.py_slice.py,Core Attack Chain,Core Attack Chain,,Type C
KMike,38,ad463,NEW@<module>@c_and_c_server_db.py_slice.py,Core Attack Chain,Core Attack Chain,,Type A
KMike,38,ad463,NEW@<module>@c_and_c_server_server.py_slice.py,Core Attack Chain,Core Attack Chain,,Type A
KMike,38,ad463,NEW@<module>@c_and_c_server_payment.py_slice.py,Core Attack Chain,Core Attack Chain,,Type E
KMike,38,ad463,NEW@<body>@ransomware_core_crypto_asymmetric_encryption.py_slice.py,Core Attack Chain,Core Attack Chain,,Type A
KMike,38,ad463,NEW@<module>@ransomware_core_utils_statistics.py_slice.py,Benign,Benign,,None
KMike,38,ad463,NEW@<module>@ransomware_core_comms_cnc_generator.py_slice.py,Core Attack Chain,Core Attack Chain,,Type J
KMike,38,ad463,<module>@helper_scripts_master_key_pair_gen.py_slice.py,SAME AS BEFORE,SAME AS BEFORE,,
KMike,38,ad463,NEW@<module>@ransomware_core_utils_file_ops.py_slice.py,Core Attack Chain,Core Attack Chain,,Type C
KMike,38,ad463,NEW@<module>@ransomware_core_comms_bitcoin_address.py_slice.py,Core Attack Chain,Core Attack Chain,,Type J
KMike,38,ad463,NEW@<module>@c_and_c_server_utils.py_slice.py,Core Attack Chain,Core Attack Chain,,Type A
KMike,38,ad463,NEW@<body>@c_and_c_server_asymmetric_encryption.py_slice.py,Core Attack Chain,Core Attack Chain,,Type A
KMike,38,ad463,NEW@<module>@ransomware_core_comms_decrypt.py_slice.py,Core Attack Chain,Core Attack Chain,,Type A
KMike,38,ad463,<module>@c_and_c_server_asymmetric_encryption.py_slice.py,SAME AS BEFORE,SAME AS BEFORE,,
KMike,39,3af22,initialise@c_and_c_server_server.py_slice.py,SAME AS BEFORE,SAME AS BEFORE,,
KMike,39,3af22,<module>@c_and_c_server_utils.py_slice.py,SAME AS BEFORE,SAME AS BEFORE,,
KMike,39,3af22,<module>@ransomware_core_utils_statistics.py_slice.py,SAME AS BEFORE,SAME AS BEFORE,,
KMike,39,3af22,<module>@ransomware_core_comms_bitcoin_address.py_slice.py,SAME AS BEFORE,SAME AS BEFORE,,
KMike,39,3af22,<module>@helper_scripts_master_key_pair_gen.py_slice.py,SAME AS BEFORE,SAME AS BEFORE,,
KMike,39,3af22,<module>@ransomware_core_utils_file_ops.py_slice.py,SAME AS BEFORE,SAME AS BEFORE,,
KMike,39,3af22,<module>@ransomware_core_comms_cnc_generator.py_slice.py,SAME AS BEFORE,SAME AS BEFORE,,
KMike,39,3af22,<body>@ransomware_core_crypto_asymmetric_encryption.py_slice.py,SAME AS BEFORE,SAME AS BEFORE,,
KMike,39,3af22,<module>@ransomware_core_decrypt_files.py_slice.py,SAME AS BEFORE,SAME AS BEFORE,,
KMike,39,3af22,<module>@c_and_c_server_payment.py_slice.py,SAME AS BEFORE,SAME AS BEFORE,,
KMike,39,3af22,<module>@c_and_c_server_server.py_slice.py,SAME AS BEFORE,SAME AS BEFORE,,
KMike,39,3af22,<module>@c_and_c_server_asymmetric_encryption.py_slice.py,SAME AS BEFORE,SAME AS BEFORE,,
KMike,39,3af22,<module>@c_and_c_server_db.py_slice.py,SAME AS BEFORE,SAME AS BEFORE,,
KMike,39,3af22,<module>@ransomware_core_comms_decrypt.py_slice.py,SAME AS BEFORE,SAME AS BEFORE,,
KMike,39,3af22,<body>@c_and_c_server_asymmetric_encryption.py_slice.py,SAME AS BEFORE,SAME AS BEFORE,,
little-python-malware,0,4aead,NEW@<module>@malware.py_slice.py,Full Attack Chain,Full Attack Chain,,Type A
little-python-malware,1,2647f,NEW@<module>@malware.py_slice.py,Full Attack Chain,Full Attack Chain,,Type A
little-python-malware,2,6c7ab,<module>@malware.py_slice.py,SAME AS BEFORE,SAME AS BEFORE,,
little-python-malware,2,6c7ab,NEW@<module>@guess-number-game.py_slice.py,Benign,Benign,,None
MakeMalware_EthicalHacking,0,3db3c,NEW@<module>@demo2_getReportByEmail.py_slice.py,Full Attack Chain,Full Attack Chain,,Type A
MakeMalware_EthicalHacking,0,3db3c,NEW@<module>@demo1_executeCommands.py_slice.py,Full Attack Chain,Full Attack Chain,,Type K
MakeMalware_EthicalHacking,1,a587c,NEW@<module>@demo2_getReportByEmail.py_slice.py,Full Attack Chain,Full Attack Chain,,Type A
MakeMalware_EthicalHacking,1,a587c,<module>@demo1_executeCommands.py_slice.py,SAME AS BEFORE,SAME AS BEFORE,,
MakeMalware_EthicalHacking,2,ce388,<module>@demo2_getReportByEmail.py_slice.py,SAME AS BEFORE,SAME AS BEFORE,,
MakeMalware_EthicalHacking,2,ce388,<module>@demo1_executeCommands.py_slice.py,SAME AS BEFORE,SAME AS BEFORE,,
MakeMalware_EthicalHacking,2,ce388,NEW@<module>@demo3_stealWLAN.py_slice.py,Full Attack Chain,Full Attack Chain,,Type A
MakeMalware_EthicalHacking,3,2cfa9,<module>@demo2_getReportByEmail.py_slice.py,SAME AS BEFORE,SAME AS BEFORE,,
MakeMalware_EthicalHacking,3,2cfa9,<module>@demo1_executeCommands.py_slice.py,SAME AS BEFORE,SAME AS BEFORE,,
MakeMalware_EthicalHacking,3,2cfa9,NEW@<module>@demo4_downloadFilesOnTarget.py_slice.py,Benign,Benign,,None
MakeMalware_EthicalHacking,3,2cfa9,<module>@demo3_stealWLAN.py_slice.py,SAME AS BEFORE,SAME AS BEFORE,,
MakeMalware_EthicalHacking,4,06deb,<module>@demo2_getReportByEmail.py_slice.py,SAME AS BEFORE,SAME AS BEFORE,,
MakeMalware_EthicalHacking,4,06deb,<module>@demo4_downloadFilesOnTarget.py_slice.py,SAME AS BEFORE,SAME AS BEFORE,,
MakeMalware_EthicalHacking,4,06deb,<module>@demo1_executeCommands.py_slice.py,SAME AS BEFORE,SAME AS BEFORE,,
MakeMalware_EthicalHacking,4,06deb,<module>@demo3_stealWLAN.py_slice.py,SAME AS BEFORE,SAME AS BEFORE,,
MakeMalware_EthicalHacking,4,06deb,NEW@<module>@demo5_downloadAndRunFilesOnTarget.py_slice.py,Core Attack Chain,Core Attack Chain,,Type J
MakeMalware_EthicalHacking,5,f2561,<module>@demo2_getReportByEmail.py_slice.py,SAME AS BEFORE,SAME AS BEFORE,,
MakeMalware_EthicalHacking,5,f2561,<module>@demo4_downloadFilesOnTarget.py_slice.py,SAME AS BEFORE,SAME AS BEFORE,,
MakeMalware_EthicalHacking,5,f2561,<module>@demo1_executeCommands.py_slice.py,SAME AS BEFORE,SAME AS BEFORE,,
MakeMalware_EthicalHacking,5,f2561,NEW@<module>@demo6_DownloadExecuteReport.py_slice.py,Core Attack Chain,Core Attack Chain,,Type A
MakeMalware_EthicalHacking,5,f2561,<module>@demo5_downloadAndRunFilesOnTarget.py_slice.py,SAME AS BEFORE,SAME AS BEFORE,,
MakeMalware_EthicalHacking,5,f2561,<module>@demo3_stealWLAN.py_slice.py,SAME AS BEFORE,SAME AS BEFORE,,
MakeMalware_EthicalHacking,6,40c64,<module>@demo2_getReportByEmail.py_slice.py,SAME AS BEFORE,SAME AS BEFORE,,
MakeMalware_EthicalHacking,6,40c64,<module>@demo4_downloadFilesOnTarget.py_slice.py,SAME AS BEFORE,SAME AS BEFORE,,
MakeMalware_EthicalHacking,6,40c64,<module>@demo1_executeCommands.py_slice.py,SAME AS BEFORE,SAME AS BEFORE,,
MakeMalware_EthicalHacking,6,40c64,NEW@<module>@demo6_DownloadExecuteReport.py_slice.py,Full Attack Chain,Core Attack Chain,slice extract unfully,Type A
MakeMalware_EthicalHacking,6,40c64,<module>@demo5_downloadAndRunFilesOnTarget.py_slice.py,SAME AS BEFORE,SAME AS BEFORE,,
MakeMalware_EthicalHacking,6,40c64,<module>@demo3_stealWLAN.py_slice.py,SAME AS BEFORE,SAME AS BEFORE,,
MakeMalware_EthicalHacking,6,40c64,NEW@<module>@demo7_DownloadExecuteReportDelete.py_slice.py,Full Attack Chain,Core Attack Chain,slice extract unfully,Type A
MakeMalware_EthicalHacking,7,b044a,<module>@demo2_getReportByEmail.py_slice.py,SAME AS BEFORE,SAME AS BEFORE,,
MakeMalware_EthicalHacking,7,b044a,<module>@demo4_downloadFilesOnTarget.py_slice.py,SAME AS BEFORE,SAME AS BEFORE,,
MakeMalware_EthicalHacking,7,b044a,NEW@<body>@Project_Keylogger_keylogger.py_slice.py,Full Attack Chain,Full Attack Chain,,Type H
MakeMalware_EthicalHacking,7,b044a,<module>@demo1_executeCommands.py_slice.py,SAME AS BEFORE,SAME AS BEFORE,,
MakeMalware_EthicalHacking,7,b044a,<module>@demo5_downloadAndRunFilesOnTarget.py_slice.py,SAME AS BEFORE,SAME AS BEFORE,,
MakeMalware_EthicalHacking,7,b044a,<module>@demo3_stealWLAN.py_slice.py,SAME AS BEFORE,SAME AS BEFORE,,
MakeMalware_EthicalHacking,7,b044a,NEW@<module>@Project_Keylogger_callKeylogger.py_slice.py,Core Attack Chain,Core Attack Chain,,Type H
MakeMalware_EthicalHacking,7,b044a,<module>@demo6_DownloadExecuteReport.py_slice.py,SAME AS BEFORE,SAME AS BEFORE,,
MakeMalware_EthicalHacking,7,b044a,NEW@<module>@demo7_DownloadExecuteReportDelete.py_slice.py,Full Attack Chain,Full Attack Chain,,Type A
MakeMalware_EthicalHacking,8,e2fd5,<module>@demo2_getReportByEmail.py_slice.py,SAME AS BEFORE,SAME AS BEFORE,,
MakeMalware_EthicalHacking,8,e2fd5,<module>@demo4_downloadFilesOnTarget.py_slice.py,SAME AS BEFORE,SAME AS BEFORE,,
MakeMalware_EthicalHacking,8,e2fd5,NEW@<body>@Project_Keylogger_keylogger.py_slice.py,Full Attack Chain,Full Attack Chain,,Type H
MakeMalware_EthicalHacking,8,e2fd5,<module>@demo1_executeCommands.py_slice.py,SAME AS BEFORE,SAME AS BEFORE,,
MakeMalware_EthicalHacking,8,e2fd5,NEW@<module>@demo6_DownloadExecuteReport.py_slice.py,Full Attack Chain,Full Attack Chain,,Type A
MakeMalware_EthicalHacking,8,e2fd5,<module>@demo5_downloadAndRunFilesOnTarget.py_slice.py,SAME AS BEFORE,SAME AS BEFORE,,
MakeMalware_EthicalHacking,8,e2fd5,<module>@demo3_stealWLAN.py_slice.py,SAME AS BEFORE,SAME AS BEFORE,,
MakeMalware_EthicalHacking,8,e2fd5,NEW@<module>@Project_Backdoor_executeCommandUsingConnection.py_slice.py,Full Attack Chain,Full Attack Chain,,Type B
MakeMalware_EthicalHacking,8,e2fd5,NEW@<module>@Project_Keylogger_callKeylogger.py_slice.py,Core Attack Chain,Core Attack Chain,,Type H
MakeMalware_EthicalHacking,8,e2fd5,NEW@<module>@demo7_DownloadExecuteReportDelete.py_slice.py,Full Attack Chain,Full Attack Chain,,Type A
MakeMalware_EthicalHacking,9,31751,<module>@demo2_getReportByEmail.py_slice.py,SAME AS BEFORE,SAME AS BEFORE,,
MakeMalware_EthicalHacking,9,31751,<module>@demo4_downloadFilesOnTarget.py_slice.py,SAME AS BEFORE,SAME AS BEFORE,,
MakeMalware_EthicalHacking,9,31751,<module>@demo1_executeCommands.py_slice.py,SAME AS BEFORE,SAME AS BEFORE,,
MakeMalware_EthicalHacking,9,31751,<body>@Project_Keylogger_keylogger.py_slice.py,SAME AS BEFORE,SAME AS BEFORE,,
MakeMalware_EthicalHacking,9,31751,<module>@demo5_downloadAndRunFilesOnTarget.py_slice.py,SAME AS BEFORE,SAME AS BEFORE,,
MakeMalware_EthicalHacking,9,31751,<module>@demo3_stealWLAN.py_slice.py,SAME AS BEFORE,SAME AS BEFORE,,
MakeMalware_EthicalHacking,9,31751,<module>@Project_Keylogger_callKeylogger.py_slice.py,SAME AS BEFORE,SAME AS BEFORE,,
MakeMalware_EthicalHacking,9,31751,<module>@Project_Backdoor_executeCommandUsingConnection.py_slice.py,SAME AS BEFORE,SAME AS BEFORE,,
MakeMalware_EthicalHacking,9,31751,<module>@demo6_DownloadExecuteReport.py_slice.py,SAME AS BEFORE,SAME AS BEFORE,,
MakeMalware_EthicalHacking,9,31751,<module>@demo7_DownloadExecuteReportDelete.py_slice.py,SAME AS BEFORE,SAME AS BEFORE,,
MakeMalware_EthicalHacking,9,31751,NEW@<module>@Project_Backdoor_connect.py_slice.py,Undetermined,Undetermined,,None
MakeMalware_EthicalHacking,10,6b7e3,<module>@demo2_getReportByEmail.py_slice.py,SAME AS BEFORE,SAME AS BEFORE,,
MakeMalware_EthicalHacking,10,6b7e3,<module>@demo4_downloadFilesOnTarget.py_slice.py,SAME AS BEFORE,SAME AS BEFORE,,
MakeMalware_EthicalHacking,10,6b7e3,<module>@demo1_executeCommands.py_slice.py,SAME AS BEFORE,SAME AS BEFORE,,
MakeMalware_EthicalHacking,10,6b7e3,<body>@Project_Keylogger_keylogger.py_slice.py,SAME AS BEFORE,SAME AS BEFORE,,
MakeMalware_EthicalHacking,10,6b7e3,<module>@demo5_downloadAndRunFilesOnTarget.py_slice.py,SAME AS BEFORE,SAME AS BEFORE,,
MakeMalware_EthicalHacking,10,6b7e3,<module>@demo3_stealWLAN.py_slice.py,SAME AS BEFORE,SAME AS BEFORE,,
MakeMalware_EthicalHacking,10,6b7e3,NEW@<module>@Project_Backdoor_chat.py_slice.py,Core Attack Chain,Core Attack Chain,,Type B
MakeMalware_EthicalHacking,10,6b7e3,<module>@Project_Keylogger_callKeylogger.py_slice.py,SAME AS BEFORE,SAME AS BEFORE,,
MakeMalware_EthicalHacking,10,6b7e3,<module>@Project_Backdoor_connect.py_slice.py,SAME AS BEFORE,SAME AS BEFORE,,
MakeMalware_EthicalHacking,10,6b7e3,<module>@Project_Backdoor_executeCommandUsingConnection.py_slice.py,SAME AS BEFORE,SAME AS BEFORE,,
MakeMalware_EthicalHacking,10,6b7e3,<module>@demo6_DownloadExecuteReport.py_slice.py,SAME AS BEFORE,SAME AS BEFORE,,
MakeMalware_EthicalHacking,10,6b7e3,<module>@demo7_DownloadExecuteReportDelete.py_slice.py,SAME AS BEFORE,SAME AS BEFORE,,
MakeMalware_EthicalHacking,11,fa6ae,<module>@demo2_getReportByEmail.py_slice.py,SAME AS BEFORE,SAME AS BEFORE,,
MakeMalware_EthicalHacking,11,fa6ae,<module>@demo4_downloadFilesOnTarget.py_slice.py,SAME AS BEFORE,SAME AS BEFORE,,
MakeMalware_EthicalHacking,11,fa6ae,NEW@<body>@Project_Keylogger_keylogger.py_slice.py,Full Attack Chain,Full Attack Chain,,Type H
MakeMalware_EthicalHacking,11,fa6ae,<module>@demo1_executeCommands.py_slice.py,SAME AS BEFORE,SAME AS BEFORE,,
MakeMalware_EthicalHacking,11,fa6ae,NEW@<module>@demo6_DownloadExecuteReport.py_slice.py,Full Attack Chain,Full Attack Chain,,Type A
MakeMalware_EthicalHacking,11,fa6ae,<module>@Project_Backdoor_chat.py_slice.py,SAME AS BEFORE,SAME AS BEFORE,,
MakeMalware_EthicalHacking,11,fa6ae,<module>@demo5_downloadAndRunFilesOnTarget.py_slice.py,SAME AS BEFORE,SAME AS BEFORE,,
MakeMalware_EthicalHacking,11,fa6ae,<module>@demo3_stealWLAN.py_slice.py,SAME AS BEFORE,SAME AS BEFORE,,
MakeMalware_EthicalHacking,11,fa6ae,NEW@<module>@Project_Backdoor_talk.py_slice.py,Core Attack Chain,Core Attack Chain,,Type B
MakeMalware_EthicalHacking,11,fa6ae,NEW@<module>@Project_Keylogger_callKeylogger.py_slice.py,Core Attack Chain,Core Attack Chain,,Type H
MakeMalware_EthicalHacking,11,fa6ae,<module>@Project_Backdoor_connect.py_slice.py,SAME AS BEFORE,SAME AS BEFORE,,
MakeMalware_EthicalHacking,11,fa6ae,<module>@Project_Backdoor_executeCommandUsingConnection.py_slice.py,SAME AS BEFORE,SAME AS BEFORE,,
MakeMalware_EthicalHacking,11,fa6ae,NEW@<module>@demo7_DownloadExecuteReportDelete.py_slice.py,Full Attack Chain,Full Attack Chain,,Type A
MakeMalware_EthicalHacking,12,f0f7d,<module>@demo2_getReportByEmail.py_slice.py,SAME AS BEFORE,SAME AS BEFORE,,
MakeMalware_EthicalHacking,12,f0f7d,<module>@demo4_downloadFilesOnTarget.py_slice.py,SAME AS BEFORE,SAME AS BEFORE,,
MakeMalware_EthicalHacking,12,f0f7d,NEW@<body>@Project_Keylogger_keylogger.py_slice.py,Full Attack Chain,Full Attack Chain,,Type H
MakeMalware_EthicalHacking,12,f0f7d,NEW@<body>@Project_Backdoor_backdoor.py_slice.py,Core Attack Chain,Core Attack Chain,,Type B
MakeMalware_EthicalHacking,12,f0f7d,<module>@demo1_executeCommands.py_slice.py,SAME AS BEFORE,SAME AS BEFORE,,
MakeMalware_EthicalHacking,12,f0f7d,NEW@<module>@demo6_DownloadExecuteReport.py_slice.py,Full Attack Chain,Full Attack Chain,,Type A
MakeMalware_EthicalHacking,12,f0f7d,<module>@Project_Backdoor_chat.py_slice.py,SAME AS BEFORE,SAME AS BEFORE,,
MakeMalware_EthicalHacking,12,f0f7d,<module>@demo5_downloadAndRunFilesOnTarget.py_slice.py,SAME AS BEFORE,SAME AS BEFORE,,
MakeMalware_EthicalHacking,12,f0f7d,<module>@demo3_stealWLAN.py_slice.py,SAME AS BEFORE,SAME AS BEFORE,,
MakeMalware_EthicalHacking,12,f0f7d,<module>@Project_Backdoor_talk.py_slice.py,SAME AS BEFORE,SAME AS BEFORE,,
MakeMalware_EthicalHacking,12,f0f7d,NEW@<module>@Project_Keylogger_callKeylogger.py_slice.py,Core Attack Chain,Core Attack Chain,,Type H
MakeMalware_EthicalHacking,12,f0f7d,<module>@Project_Backdoor_connect.py_slice.py,SAME AS BEFORE,SAME AS BEFORE,,
MakeMalware_EthicalHacking,12,f0f7d,<module>@Project_Backdoor_executeCommandUsingConnection.py_slice.py,SAME AS BEFORE,SAME AS BEFORE,,
MakeMalware_EthicalHacking,12,f0f7d,NEW@<module>@demo7_DownloadExecuteReportDelete.py_slice.py,Full Attack Chain,Full Attack Chain,,Type A
MakeMalware_EthicalHacking,13,e3fe9,<module>@demo2_getReportByEmail.py_slice.py,SAME AS BEFORE,SAME AS BEFORE,,
MakeMalware_EthicalHacking,13,e3fe9,<module>@demo4_downloadFilesOnTarget.py_slice.py,SAME AS BEFORE,SAME AS BEFORE,,
MakeMalware_EthicalHacking,13,e3fe9,NEW@<module>@Project_Backdoor_executeCommandServer.py_slice.py,Full Attack Chain,Full Attack Chain,,Type B
MakeMalware_EthicalHacking,13,e3fe9,<module>@demo1_executeCommands.py_slice.py,SAME AS BEFORE,SAME AS BEFORE,,
MakeMalware_EthicalHacking,13,e3fe9,NEW@<module>@Project_Backdoor_executeCommandServerInteractive.py_slice.py,Core Attack Chain,Core Attack Chain,,Type B
MakeMalware_EthicalHacking,13,e3fe9,NEW@<body>@Project_Backdoor_listen.py_slice.py,Undetermined,Undetermined,,None
MakeMalware_EthicalHacking,13,e3fe9,NEW@<module>@Project_Backdoor_executeCommandServerInteractiveUpload.py_slice.py,Full Attack Chain,Full Attack Chain,,Type B
MakeMalware_EthicalHacking,13,e3fe9,<module>@Project_Backdoor_chat.py_slice.py,SAME AS BEFORE,SAME AS BEFORE,,
MakeMalware_EthicalHacking,13,e3fe9,NEW@<module>@Project_Backdoor_listen.py_slice.py,Undetermined,Undetermined,,None
MakeMalware_EthicalHacking,13,e3fe9,<body>@Project_Keylogger_keylogger.py_slice.py,SAME AS BEFORE,SAME AS BEFORE,,
MakeMalware_EthicalHacking,13,e3fe9,<module>@demo5_downloadAndRunFilesOnTarget.py_slice.py,SAME AS BEFORE,SAME AS BEFORE,,
MakeMalware_EthicalHacking,13,e3fe9,<module>@demo3_stealWLAN.py_slice.py,SAME AS BEFORE,SAME AS BEFORE,,
MakeMalware_EthicalHacking,13,e3fe9,NEW@<module>@Project_Backdoor_executeCommandServerJson.py_slice.py,Full Attack Chain,Full Attack Chain,,Type B
MakeMalware_EthicalHacking,13,e3fe9,<body>@Project_Backdoor_backdoor.py_slice.py,SAME AS BEFORE,SAME AS BEFORE,,
MakeMalware_EthicalHacking,13,e3fe9,<module>@Project_Backdoor_talk.py_slice.py,SAME AS BEFORE,SAME AS BEFORE,,
MakeMalware_EthicalHacking,13,e3fe9,<module>@Project_Keylogger_callKeylogger.py_slice.py,SAME AS BEFORE,SAME AS BEFORE,,
MakeMalware_EthicalHacking,13,e3fe9,<module>@Project_Backdoor_connect.py_slice.py,SAME AS BEFORE,SAME AS BEFORE,,
MakeMalware_EthicalHacking,13,e3fe9,<module>@Project_Backdoor_executeCommandUsingConnection.py_slice.py,SAME AS BEFORE,SAME AS BEFORE,,
MakeMalware_EthicalHacking,13,e3fe9,<module>@demo6_DownloadExecuteReport.py_slice.py,SAME AS BEFORE,SAME AS BEFORE,,
MakeMalware_EthicalHacking,13,e3fe9,<module>@demo7_DownloadExecuteReportDelete.py_slice.py,SAME AS BEFORE,SAME AS BEFORE,,
MakeMalware_EthicalHacking,14,4bc0e,<module>@demo2_getReportByEmail.py_slice.py,SAME AS BEFORE,SAME AS BEFORE,,
MakeMalware_EthicalHacking,14,4bc0e,<module>@demo4_downloadFilesOnTarget.py_slice.py,SAME AS BEFORE,SAME AS BEFORE,,
MakeMalware_EthicalHacking,14,4bc0e,NEW@<module>@Project_Backdoor_executeCommandServer.py_slice.py,Full Attack Chain,Full Attack Chain,,Type B
MakeMalware_EthicalHacking,14,4bc0e,<module>@demo1_executeCommands.py_slice.py,SAME AS BEFORE,SAME AS BEFORE,,
MakeMalware_EthicalHacking,14,4bc0e,NEW@<module>@Project_Backdoor_executeCommandServerInteractive.py_slice.py,Core Attack Chain,Core Attack Chain,,Type B
MakeMalware_EthicalHacking,14,4bc0e,NEW@<body>@Project_Backdoor_listen.py_slice.py,Undetermined,Undetermined,,None
MakeMalware_EthicalHacking,14,4bc0e,NEW@<module>@Project_Backdoor_executeCommandServerInteractiveUpload.py_slice.py,Full Attack Chain,Full Attack Chain,,Type B
MakeMalware_EthicalHacking,14,4bc0e,<module>@Project_Backdoor_chat.py_slice.py,SAME AS BEFORE,SAME AS BEFORE,,
MakeMalware_EthicalHacking,14,4bc0e,<body>@Project_Keylogger_keylogger.py_slice.py,SAME AS BEFORE,SAME AS BEFORE,,
MakeMalware_EthicalHacking,14,4bc0e,<module>@demo5_downloadAndRunFilesOnTarget.py_slice.py,SAME AS BEFORE,SAME AS BEFORE,,
MakeMalware_EthicalHacking,14,4bc0e,<module>@demo3_stealWLAN.py_slice.py,SAME AS BEFORE,SAME AS BEFORE,,
MakeMalware_EthicalHacking,14,4bc0e,NEW@<module>@Project_Backdoor_executeCommandServerJson.py_slice.py,Full Attack Chain,Full Attack Chain,,Type B
MakeMalware_EthicalHacking,14,4bc0e,<body>@Project_Backdoor_backdoor.py_slice.py,SAME AS BEFORE,SAME AS BEFORE,,
MakeMalware_EthicalHacking,14,4bc0e,NEW@<module>@Project_Backdoor_executeCommandTarget.py_slice.py,Full Attack Chain,Full Attack Chain,,Type B
MakeMalware_EthicalHacking,14,4bc0e,<module>@Project_Backdoor_talk.py_slice.py,SAME AS BEFORE,SAME AS BEFORE,,
MakeMalware_EthicalHacking,14,4bc0e,<module>@Project_Keylogger_callKeylogger.py_slice.py,SAME AS BEFORE,SAME AS BEFORE,,
MakeMalware_EthicalHacking,14,4bc0e,<module>@Project_Backdoor_connect.py_slice.py,SAME AS BEFORE,SAME AS BEFORE,,
MakeMalware_EthicalHacking,14,4bc0e,<module>@Project_Backdoor_executeCommandUsingConnection.py_slice.py,SAME AS BEFORE,SAME AS BEFORE,,
MakeMalware_EthicalHacking,14,4bc0e,<module>@demo6_DownloadExecuteReport.py_slice.py,SAME AS BEFORE,SAME AS BEFORE,,
MakeMalware_EthicalHacking,14,4bc0e,<module>@Project_Backdoor_listen.py_slice.py,SAME AS BEFORE,SAME AS BEFORE,,
MakeMalware_EthicalHacking,14,4bc0e,<module>@demo7_DownloadExecuteReportDelete.py_slice.py,SAME AS BEFORE,SAME AS BEFORE,,
MakeMalware_EthicalHacking,15,7ad1b,<module>@demo2_getReportByEmail.py_slice.py,SAME AS BEFORE,SAME AS BEFORE,,
MakeMalware_EthicalHacking,15,7ad1b,<module>@demo4_downloadFilesOnTarget.py_slice.py,SAME AS BEFORE,SAME AS BEFORE,,
MakeMalware_EthicalHacking,15,7ad1b,NEW@<body>@Project_Backdoor_backdoor.py_slice.py,Core Attack Chain,Core Attack Chain,,Type B
MakeMalware_EthicalHacking,15,7ad1b,<body>@Project_Backdoor_listen.py_slice.py,SAME AS BEFORE,SAME AS BEFORE,,
MakeMalware_EthicalHacking,15,7ad1b,<module>@demo1_executeCommands.py_slice.py,SAME AS BEFORE,SAME AS BEFORE,,
MakeMalware_EthicalHacking,15,7ad1b,<module>@Project_Backdoor_chat.py_slice.py,SAME AS BEFORE,SAME AS BEFORE,,
MakeMalware_EthicalHacking,15,7ad1b,<body>@Project_Keylogger_keylogger.py_slice.py,SAME AS BEFORE,SAME AS BEFORE,,
MakeMalware_EthicalHacking,15,7ad1b,<module>@Project_Backdoor_executeCommandTarget.py_slice.py,SAME AS BEFORE,SAME AS BEFORE,,
MakeMalware_EthicalHacking,15,7ad1b,<module>@demo5_downloadAndRunFilesOnTarget.py_slice.py,SAME AS BEFORE,SAME AS BEFORE,,
MakeMalware_EthicalHacking,15,7ad1b,<module>@Project_Backdoor_executeCommandServerJson.py_slice.py,SAME AS BEFORE,SAME AS BEFORE,,
MakeMalware_EthicalHacking,15,7ad1b,<module>@demo3_stealWLAN.py_slice.py,SAME AS BEFORE,SAME AS BEFORE,,
MakeMalware_EthicalHacking,15,7ad1b,<module>@Project_Backdoor_executeCommandServerInteractive.py_slice.py,SAME AS BEFORE,SAME AS BEFORE,,
MakeMalware_EthicalHacking,15,7ad1b,<module>@Project_Backdoor_executeCommandServer.py_slice.py,SAME AS BEFORE,SAME AS BEFORE,,
MakeMalware_EthicalHacking,15,7ad1b,<module>@Project_Backdoor_talk.py_slice.py,SAME AS BEFORE,SAME AS BEFORE,,
MakeMalware_EthicalHacking,15,7ad1b,<module>@Project_Keylogger_callKeylogger.py_slice.py,SAME AS BEFORE,SAME AS BEFORE,,
MakeMalware_EthicalHacking,15,7ad1b,<module>@Project_Backdoor_connect.py_slice.py,SAME AS BEFORE,SAME AS BEFORE,,
MakeMalware_EthicalHacking,15,7ad1b,NEW@<module>@Project_Backdoor_executeCommandTargetInteractive.py_slice.py,Full Attack Chain,Full Attack Chain,,Type B
MakeMalware_EthicalHacking,15,7ad1b,<module>@Project_Backdoor_executeCommandUsingConnection.py_slice.py,SAME AS BEFORE,SAME AS BEFORE,,
MakeMalware_EthicalHacking,15,7ad1b,<module>@demo6_DownloadExecuteReport.py_slice.py,SAME AS BEFORE,SAME AS BEFORE,,
MakeMalware_EthicalHacking,15,7ad1b,<module>@Project_Backdoor_listen.py_slice.py,SAME AS BEFORE,SAME AS BEFORE,,
MakeMalware_EthicalHacking,15,7ad1b,<module>@demo7_DownloadExecuteReportDelete.py_slice.py,SAME AS BEFORE,SAME AS BEFORE,,
MakeMalware_EthicalHacking,15,7ad1b,<module>@Project_Backdoor_executeCommandServerInteractiveUpload.py_slice.py,SAME AS BEFORE,SAME AS BEFORE,,
MakeMalware_EthicalHacking,16,c418d,<module>@demo2_getReportByEmail.py_slice.py,SAME AS BEFORE,SAME AS BEFORE,,
MakeMalware_EthicalHacking,16,c418d,<module>@demo4_downloadFilesOnTarget.py_slice.py,SAME AS BEFORE,SAME AS BEFORE,,
MakeMalware_EthicalHacking,16,c418d,NEW@<module>@Project_Backdoor_executeCommandTargetInteractiveUpload.py_slice.py,Full Attack Chain,Full Attack Chain,,Type B
MakeMalware_EthicalHacking,16,c418d,NEW@<body>@Project_Backdoor_backdoor.py_slice.py,Core Attack Chain,Core Attack Chain,,Type B
MakeMalware_EthicalHacking,16,c418d,<body>@Project_Backdoor_listen.py_slice.py,SAME AS BEFORE,SAME AS BEFORE,,
MakeMalware_EthicalHacking,16,c418d,<module>@demo1_executeCommands.py_slice.py,SAME AS BEFORE,SAME AS BEFORE,,
MakeMalware_EthicalHacking,16,c418d,<module>@Project_Backdoor_chat.py_slice.py,SAME AS BEFORE,SAME AS BEFORE,,
MakeMalware_EthicalHacking,16,c418d,<body>@Project_Keylogger_keylogger.py_slice.py,SAME AS BEFORE,SAME AS BEFORE,,
MakeMalware_EthicalHacking,16,c418d,<module>@Project_Backdoor_executeCommandTarget.py_slice.py,SAME AS BEFORE,SAME AS BEFORE,,
MakeMalware_EthicalHacking,16,c418d,<module>@demo5_downloadAndRunFilesOnTarget.py_slice.py,SAME AS BEFORE,SAME AS BEFORE,,
MakeMalware_EthicalHacking,16,c418d,<module>@Project_Backdoor_executeCommandServerJson.py_slice.py,SAME AS BEFORE,SAME AS BEFORE,,
MakeMalware_EthicalHacking,16,c418d,<module>@demo3_stealWLAN.py_slice.py,SAME AS BEFORE,SAME AS BEFORE,,
MakeMalware_EthicalHacking,16,c418d,<module>@Project_Backdoor_executeCommandServerInteractive.py_slice.py,SAME AS BEFORE,SAME AS BEFORE,,
MakeMalware_EthicalHacking,16,c418d,<module>@Project_Backdoor_executeCommandServer.py_slice.py,SAME AS BEFORE,SAME AS BEFORE,,
MakeMalware_EthicalHacking,16,c418d,<module>@Project_Backdoor_talk.py_slice.py,SAME AS BEFORE,SAME AS BEFORE,,
MakeMalware_EthicalHacking,16,c418d,<module>@Project_Keylogger_callKeylogger.py_slice.py,SAME AS BEFORE,SAME AS BEFORE,,
MakeMalware_EthicalHacking,16,c418d,<module>@Project_Backdoor_connect.py_slice.py,SAME AS BEFORE,SAME AS BEFORE,,
MakeMalware_EthicalHacking,16,c418d,NEW@<module>@Project_Backdoor_executeCommandTargetInteractive.py_slice.py,Full Attack Chain,Full Attack Chain,,Type B
MakeMalware_EthicalHacking,16,c418d,<module>@Project_Backdoor_executeCommandUsingConnection.py_slice.py,SAME AS BEFORE,SAME AS BEFORE,,
MakeMalware_EthicalHacking,16,c418d,<module>@demo6_DownloadExecuteReport.py_slice.py,SAME AS BEFORE,SAME AS BEFORE,,
MakeMalware_EthicalHacking,16,c418d,<module>@Project_Backdoor_listen.py_slice.py,SAME AS BEFORE,SAME AS BEFORE,,
MakeMalware_EthicalHacking,16,c418d,<module>@demo7_DownloadExecuteReportDelete.py_slice.py,SAME AS BEFORE,SAME AS BEFORE,,
MakeMalware_EthicalHacking,16,c418d,<module>@Project_Backdoor_executeCommandServerInteractiveUpload.py_slice.py,SAME AS BEFORE,SAME AS BEFORE,,
MakeMalware_EthicalHacking,17,74015,<module>@demo2_getReportByEmail.py_slice.py,SAME AS BEFORE,SAME AS BEFORE,,
MakeMalware_EthicalHacking,17,74015,<module>@demo4_downloadFilesOnTarget.py_slice.py,SAME AS BEFORE,SAME AS BEFORE,,
MakeMalware_EthicalHacking,17,74015,<module>@Project_Backdoor_executeCommandTargetInteractive.py_slice.py,SAME AS BEFORE,SAME AS BEFORE,,
MakeMalware_EthicalHacking,17,74015,<body>@Project_Backdoor_listen.py_slice.py,SAME AS BEFORE,SAME AS BEFORE,,
MakeMalware_EthicalHacking,17,74015,<module>@demo1_executeCommands.py_slice.py,SAME AS BEFORE,SAME AS BEFORE,,
MakeMalware_EthicalHacking,17,74015,<module>@Project_Backdoor_chat.py_slice.py,SAME AS BEFORE,SAME AS BEFORE,,
MakeMalware_EthicalHacking,17,74015,<body>@Project_Keylogger_keylogger.py_slice.py,SAME AS BEFORE,SAME AS BEFORE,,
MakeMalware_EthicalHacking,17,74015,<module>@Project_Backdoor_executeCommandTarget.py_slice.py,SAME AS BEFORE,SAME AS BEFORE,,
MakeMalware_EthicalHacking,17,74015,<module>@demo5_downloadAndRunFilesOnTarget.py_slice.py,SAME AS BEFORE,SAME AS BEFORE,,
MakeMalware_EthicalHacking,17,74015,<module>@Project_Backdoor_executeCommandServerJson.py_slice.py,SAME AS BEFORE,SAME AS BEFORE,,
MakeMalware_EthicalHacking,17,74015,<module>@demo3_stealWLAN.py_slice.py,SAME AS BEFORE,SAME AS BEFORE,,
MakeMalware_EthicalHacking,17,74015,<body>@Project_Backdoor_backdoor.py_slice.py,SAME AS BEFORE,SAME AS BEFORE,,
MakeMalware_EthicalHacking,17,74015,<module>@Project_Backdoor_executeCommandServerInteractive.py_slice.py,SAME AS BEFORE,SAME AS BEFORE,,
MakeMalware_EthicalHacking,17,74015,NEW@<module>@Project_Backdoor_executeCommandTargetJson.py_slice.py,Full Attack Chain,Full Attack Chain,,Type B
MakeMalware_EthicalHacking,17,74015,<module>@Project_Backdoor_executeCommandServer.py_slice.py,SAME AS BEFORE,SAME AS BEFORE,,
MakeMalware_EthicalHacking,17,74015,<module>@Project_Backdoor_talk.py_slice.py,SAME AS BEFORE,SAME AS BEFORE,,
MakeMalware_EthicalHacking,17,74015,<module>@Project_Keylogger_callKeylogger.py_slice.py,SAME AS BEFORE,SAME AS BEFORE,,
MakeMalware_EthicalHacking,17,74015,<module>@Project_Backdoor_connect.py_slice.py,SAME AS BEFORE,SAME AS BEFORE,,
MakeMalware_EthicalHacking,17,74015,<module>@Project_Backdoor_executeCommandUsingConnection.py_slice.py,SAME AS BEFORE,SAME AS BEFORE,,
MakeMalware_EthicalHacking,17,74015,<module>@demo6_DownloadExecuteReport.py_slice.py,SAME AS BEFORE,SAME AS BEFORE,,
MakeMalware_EthicalHacking,17,74015,<module>@Project_Backdoor_listen.py_slice.py,SAME AS BEFORE,SAME AS BEFORE,,
MakeMalware_EthicalHacking,17,74015,<module>@demo7_DownloadExecuteReportDelete.py_slice.py,SAME AS BEFORE,SAME AS BEFORE,,
MakeMalware_EthicalHacking,17,74015,<module>@Project_Backdoor_executeCommandServerInteractiveUpload.py_slice.py,SAME AS BEFORE,SAME AS BEFORE,,
MakeMalware_EthicalHacking,17,74015,<module>@Project_Backdoor_executeCommandTargetInteractiveUpload.py_slice.py,SAME AS BEFORE,SAME AS BEFORE,,
Malicious-Debian-Package-Maker,1,3d8bc,NEW@<module>@main.py_slice.py,Benign,Benign,,None
Malicious-Debian-Package-Maker,2,dafbc,NEW@<module>@main.py_slice.py,Benign,Benign,,None
Malicious-Debian-Package-Maker,3,8111f,NEW@<module>@main.py_slice.py,Undetermined,Undetermined,,None
Malicious-Debian-Package-Maker,4,8c58b,NEW@<module>@main.py_slice.py,Benign,Benign,,None
Malicious-Debian-Package-Maker,5,5b718,NEW@<module>@main.py_slice.py,Undetermined,Undetermined,,None
Malicious-Debian-Package-Maker,6,f45f7,NEW@<module>@main.py_slice.py,Undetermined,Undetermined,,None
Malicious-Debian-Package-Maker,7,08b1a,NEW@<module>@main.py_slice.py,Undetermined,Undetermined,,None
Malicious-Debian-Package-Maker,8,5b3ce,NEW@<module>@main.py_slice.py,Core Attack Chain,Core Attack Chain,,Type F
Malicious-Debian-Package-Maker,9,5acf1,NEW@<module>@main.py_slice.py,Full Attack Chain,Full Attack Chain,,Type I
Malicious-Debian-Package-Maker,10,44e01,<module>@main.py_slice.py,SAME AS BEFORE,SAME AS BEFORE,,
Malicious-Debian-Package-Maker,11,fb3cd,NEW@<module>@main.py_slice.py,Full Attack Chain,Full Attack Chain,,Type I
Malicious-Debian-Package-Maker,12,563e4,NEW@<module>@main.py_slice.py,Full Attack Chain,Full Attack Chain,,Type I
Malware,0,efd75,NEW@<module>@encrypt.py_slice.py,Core Attack Chain,Core Attack Chain,,Type C
Malware,1,1cd73,<module>@encrypt.py_slice.py,SAME AS BEFORE,SAME AS BEFORE,,
Malware,1,1cd73,NEW@<module>@decrypt.py_slice.py,Core Attack Chain,Core Attack Chain,,Type C
Malware,2,191eb,<module>@encrypt.py_slice.py,SAME AS BEFORE,SAME AS BEFORE,,
Malware,2,191eb,NEW@<module>@decrypt.py_slice.py,Core Attack Chain,Core Attack Chain,,Type C
Malware,3,1c436,NEW@<module>@encrypt.py_slice.py,Core Attack Chain,Core Attack Chain,,Type C
Malware,3,1c436,<module>@decrypt.py_slice.py,SAME AS BEFORE,SAME AS BEFORE,,
Malware,4,1b6b3,NEW@<module>@encrypt.py_slice.py,Core Attack Chain,Core Attack Chain,,Type C
Malware,4,1b6b3,<module>@decrypt.py_slice.py,SAME AS BEFORE,SAME AS BEFORE,,
Malware,5,67fd6,<module>@encrypt.py_slice.py,SAME AS BEFORE,SAME AS BEFORE,,
Malware,5,67fd6,NEW@<module>@decrypt.py_slice.py,Core Attack Chain,Core Attack Chain,,Type C
Malware,6,c92fb,NEW@<module>@main.py_slice.py,Full Attack Chain,Full Attack Chain,,Type C
Malware,6,c92fb,<module>@encrypt.py_slice.py,SAME AS BEFORE,SAME AS BEFORE,,
Malware,6,c92fb,<module>@decrypt.py_slice.py,SAME AS BEFORE,SAME AS BEFORE,,
Malware,7,6299c,NEW@<module>@main.py_slice.py,Full Attack Chain,Full Attack Chain,,Type C
Malware,7,6299c,<module>@encrypt.py_slice.py,SAME AS BEFORE,SAME AS BEFORE,,
Malware,7,6299c,<module>@decrypt.py_slice.py,SAME AS BEFORE,SAME AS BEFORE,,
Malware,8,ee86b,NEW@<module>@main.py_slice.py,Full Attack Chain,Full Attack Chain,,Type C
Malware,8,ee86b,<module>@encrypt.py_slice.py,SAME AS BEFORE,SAME AS BEFORE,,
Malware,8,ee86b,<module>@decrypt.py_slice.py,SAME AS BEFORE,SAME AS BEFORE,,
Malware,9,ebdb7,NEW@<module>@main.py_slice.py,Full Attack Chain,Full Attack Chain,,Type C
Malware,9,ebdb7,<module>@encrypt.py_slice.py,SAME AS BEFORE,SAME AS BEFORE,,
Malware,9,ebdb7,<module>@decrypt.py_slice.py,SAME AS BEFORE,SAME AS BEFORE,,
Malware,10,123bd,NEW@<module>@main.py_slice.py,Full Attack Chain,Full Attack Chain,,Type C
Malware,10,123bd,NEW@<module>@encrypt.py_slice.py,Core Attack Chain,Core Attack Chain,,Type C
Malware,10,123bd,<module>@decrypt.py_slice.py,SAME AS BEFORE,SAME AS BEFORE,,
Malware,11,f560c,NEW@<module>@main.py_slice.py,Full Attack Chain,Full Attack Chain,,Type C
Malware,11,f560c,<module>@encrypt.py_slice.py,SAME AS BEFORE,SAME AS BEFORE,,
Malware,11,f560c,NEW@<module>@decrypt.py_slice.py,Undetermined,Undetermined,,None
Malware,12,3d6cb,NEW@<module>@main.py_slice.py,Full Attack Chain,Full Attack Chain,,Type C
Malware,12,3d6cb,<module>@encrypt.py_slice.py,SAME AS BEFORE,SAME AS BEFORE,,
Malware,12,3d6cb,<module>@decrypt.py_slice.py,SAME AS BEFORE,SAME AS BEFORE,,
Malware_Python,0,f5fae,NEW@<module>@main.py_slice.py,Full Attack Chain,Full Attack Chain,,Type F
Malware_Python,1,f8655,NEW@<module>@main.py_slice.py,Full Attack Chain,Full Attack Chain,,Type F
Malware_Python,2,05254,NEW@<module>@main.py_slice.py,Full Attack Chain,Full Attack Chain,,Type F
Malware_Python,3,ea11b,NEW@<module>@main.py_slice.py,Full Attack Chain,Full Attack Chain,,Type F
Malware_Python,4,c1a2d,NEW@<module>@main.py_slice.py,Full Attack Chain,Core Attack Chain,no trigger,Type F
Malware_Python,5,77298,NEW@<module>@main.py_slice.py,Full Attack Chain,Core Attack Chain,no trigger,Type F
Malware_Python,6,0e5a2,<module>@main.py_slice.py,SAME AS BEFORE,SAME AS BEFORE,,
Malware_Python,7,35e28,NEW@<module>@main.py_slice.py,Full Attack Chain,Full Attack Chain,,Type F
Malware_Python,8,be041,NEW@<module>@main.py_slice.py,Full Attack Chain,Full Attack Chain,,Type F
Malware_Python,9,12941,NEW@<module>@main.py_slice.py,Full Attack Chain,Full Attack Chain,,Type F
Malware_Python,10,b6a9f,<module>@main.py_slice.py,SAME AS BEFORE,SAME AS BEFORE,,
Malware_Python,10,b6a9f,<body>@main.py_slice.py,SAME AS BEFORE,SAME AS BEFORE,,
Malware_Python,11,7ed0b,NEW@<module>@main.py_slice.py,Full Attack Chain,Full Attack Chain,,Type F
Malware_Python,11,7ed0b,<body>@main.py_slice.py,SAME AS BEFORE,SAME AS BEFORE,,
Malware_Python,12,2011b,NEW@<module>@main.py_slice.py,Full Attack Chain,Full Attack Chain,,Type F
Malware_Python,12,2011b,<body>@main.py_slice.py,SAME AS BEFORE,SAME AS BEFORE,,
Malware_Python,13,ee1d1,<module>@main.py_slice.py,SAME AS BEFORE,SAME AS BEFORE,,
Malware_Python,13,ee1d1,<body>@main.py_slice.py,SAME AS BEFORE,SAME AS BEFORE,,
Malware_Python,14,2727c,NEW@<module>@main.py_slice.py,Full Attack Chain,Full Attack Chain,,Type F
Malware_Python,14,2727c,<body>@main.py_slice.py,SAME AS BEFORE,SAME AS BEFORE,,
Malware_Python,15,9fab0,NEW@<module>@main.py_slice.py,Full Attack Chain,Full Attack Chain,,Type F
Malware_Python,15,9fab0,<body>@main.py_slice.py,SAME AS BEFORE,SAME AS BEFORE,,
Malware_Python,16,18e97,NEW@<module>@main.py_slice.py,Full Attack Chain,Full Attack Chain,,Type F
Malware_Python,17,3c1b0,NEW@<module>@main.py_slice.py,Full Attack Chain,Full Attack Chain,,Type F
Malware_Python,18,a676c,NEW@<module>@main.py_slice.py,Full Attack Chain,Full Attack Chain,,Type F
Malware_Python,19,3154b,NEW@<module>@main.py_slice.py,Full Attack Chain,Full Attack Chain,,Type F
Malware_Python,20,a778f,NEW@<module>@main.py_slice.py,Full Attack Chain,Core Attack Chain,no trigger,Type F
Malware_Python,21,b6482,NEW@<module>@main.py_slice.py,Full Attack Chain,Full Attack Chain,,Type F
Malware_Python,22,c2454,NEW@<module>@main.py_slice.py,Full Attack Chain,Full Attack Chain,,Type F
Malware_Python,23,d1233,<module>@main.py_slice.py,SAME AS BEFORE,SAME AS BEFORE,,
Malware_Python,24,d9c91,NEW@<module>@main.py_slice.py,Full Attack Chain,Full Attack Chain,,Type F
malware-01,0,1df3a,NEW@<module>@client.py_slice.py,Full Attack Chain,Full Attack Chain,,Type B
malware-01,0,1df3a,NEW@<module>@server.py_slice.py,Core Attack Chain,Core Attack Chain,,Type B
malware-01,1,6a36d,NEW@<module>@client.py_slice.py,Full Attack Chain,Full Attack Chain,,Type B
malware-01,2,f71ca,NEW@<module>@client.py_slice.py,Full Attack Chain,Full Attack Chain,,Type B
malware-01,3,b22f0,NEW@<module>@client.py_slice.py,Full Attack Chain,Full Attack Chain,,Type B
malware-educational-purpose-,0,ca555,NEW@<module>@Malw1.py_slice.py,Undetermined,Undetermined,,None
malware-educational-purpose-,1,77efb,NEW@<module>@Malw1.py_slice.py,Undetermined,Undetermined,,None
malware-educational-purpose-,2,709ed,<module>@Malw1.py_slice.py,SAME AS BEFORE,SAME AS BEFORE,,
malware-educational-purpose-,3,e446c,<module>@Malw1.py_slice.py,SAME AS BEFORE,SAME AS BEFORE,,
malware-educational-purpose-,4,076da,NEW@<module>@Malw.py_slice.py,Undetermined,Undetermined,,None
Malware-Sandbox-Simulation-,0,7dc11,NEW@<module>@malware_simulator.py_slice.py,Benign,Benign,,None
Malware-Sandbox-Simulation-,1,b99bd,NEW@<module>@malware_simulator.py_slice.py,Benign,Benign,,None
megaloptera,0,9f2ed,NEW@<module>@main.py_slice.py,Benign,Benign,,None
megaloptera,0,9f2ed,NEW@<module>@megaloptera.py_slice.py,Core Attack Chain,Core Attack Chain,,Type A
megaloptera,0,9f2ed,NEW@<module>@hash_url.py_slice.py,Benign,Benign,,None
megaloptera,1,6af8d,<module>@main.py_slice.py,SAME AS BEFORE,SAME AS BEFORE,,
megaloptera,1,6af8d,<module>@megaloptera.py_slice.py,SAME AS BEFORE,SAME AS BEFORE,,
megaloptera,2,50c4a,<module>@main.py_slice.py,SAME AS BEFORE,SAME AS BEFORE,,
megaloptera,2,50c4a,<module>@megaloptera.py_slice.py,SAME AS BEFORE,SAME AS BEFORE,,
megaloptera,3,88129,NEW@<module>@main.py_slice.py,Undetermined,Undetermined,,None
megaloptera,3,88129,<module>@megaloptera.py_slice.py,SAME AS BEFORE,SAME AS BEFORE,,
megaloptera,4,695c1,<module>@main.py_slice.py,SAME AS BEFORE,SAME AS BEFORE,,
megaloptera,4,695c1,NEW@<module>@megaloptera.py_slice.py,Full Attack Chain,Full Attack Chain,,Type A
megaloptera,5,75922,NEW@<module>@src_dropper.py_slice.py,Full Attack Chain,Full Attack Chain,,Type J
megaloptera,5,75922,<module>@main.py_slice.py,SAME AS BEFORE,SAME AS BEFORE,,
megaloptera,5,75922,<module>@megaloptera.py_slice.py,SAME AS BEFORE,SAME AS BEFORE,,
megaloptera,6,b815c,<module>@main.py_slice.py,SAME AS BEFORE,SAME AS BEFORE,,
megaloptera,6,b815c,<module>@src_dropper.py_slice.py,SAME AS BEFORE,SAME AS BEFORE,,
megaloptera,6,b815c,NEW@<body>@megaloptera.py_slice.py,Core Attack Chain,Core Attack Chain,,Type A
megaloptera,7,d66ad,<module>@main.py_slice.py,SAME AS BEFORE,SAME AS BEFORE,,
megaloptera,7,d66ad,NEW@<module>@dropper.py_slice.py,Full Attack Chain,Full Attack Chain,,Type J
megaloptera,7,d66ad,<body>@megaloptera.py_slice.py,SAME AS BEFORE,SAME AS BEFORE,,
megaloptera,7,d66ad,<module>@src_dropper.py_slice.py,SAME AS BEFORE,SAME AS BEFORE,,
megaloptera,7,d66ad,NEW@<module>@dropperObfuscate.py_slice.py,Full Attack Chain,Full Attack Chain,,Type J
MirageLink-rat-gui,0,719c8,NEW@<body>@client_fold_modules_main.py_slice.py,Undetermined,Undetermined,,None
MirageLink-rat-gui,0,719c8,NEW@<module>@server_fold_server.py_slice.py,Undetermined,Undetermined,,None
MirageLink-rat-gui,0,719c8,NEW@<module>@client_fold_modules_main.py_slice.py,Core Attack Chain,Core Attack Chain,,Type K
MirageLink-rat-gui,0,719c8,NEW@<module>@client_fold_client.py_slice.py,Full Attack Chain,Full Attack Chain,,Type B
MirageLink-rat-gui,1,6d2af,<module>@server_fold_server.py_slice.py,SAME AS BEFORE,SAME AS BEFORE,,
MirageLink-rat-gui,1,6d2af,NEW@<body>@client_fold_modules_main.py_slice.py,Undetermined,Undetermined,,None
MirageLink-rat-gui,1,6d2af,NEW@<module>@client_fold_modules_main.py_slice.py,Core Attack Chain,Core Attack Chain,,Type K
MirageLink-rat-gui,1,6d2af,NEW@<module>@client_fold_client.py_slice.py,Full Attack Chain,Full Attack Chain,,Type B
MirageLink-rat-gui,2,a4a85,<module>@server_fold_server.py_slice.py,SAME AS BEFORE,SAME AS BEFORE,,
MirageLink-rat-gui,2,a4a85,<body>@client_fold_modules_main.py_slice.py,SAME AS BEFORE,SAME AS BEFORE,,
MirageLink-rat-gui,2,a4a85,<module>@client_fold_client.py_slice.py,SAME AS BEFORE,SAME AS BEFORE,,
MirageLink-rat-gui,2,a4a85,<module>@client_fold_modules_main.py_slice.py,SAME AS BEFORE,SAME AS BEFORE,,
MirageLink-rat-gui,3,b3c15,NEW@<body>@server_fold_rat_gui.py_slice.py,Core Attack Chain,Core Attack Chain,,Type B
MirageLink-rat-gui,3,b3c15,<body>@client_fold_modules_main.py_slice.py,SAME AS BEFORE,SAME AS BEFORE,,
MirageLink-rat-gui,3,b3c15,<module>@client_fold_client.py_slice.py,SAME AS BEFORE,SAME AS BEFORE,,
MirageLink-rat-gui,3,b3c15,<module>@client_fold_modules_main.py_slice.py,SAME AS BEFORE,SAME AS BEFORE,,
MirageLink-rat-gui,3,b3c15,NEW@<module>@server_fold_server.py_slice.py,Undetermined,Undetermined,,None
MirageLink-rat-gui,4,b79f1,NEW@<body>@server_fold_rat_gui.py_slice.py,Core Attack Chain,Core Attack Chain,,Type B
MirageLink-rat-gui,4,b79f1,NEW@<module>@server_fold_rat_gui.py_slice.py,Core Attack Chain,Core Attack Chain,,Type B
MirageLink-rat-gui,4,b79f1,NEW@<body>@client_fold_modules_main.py_slice.py,Undetermined,Undetermined,,None
MirageLink-rat-gui,4,b79f1,NEW@<module>@client_fold_server.py_slice.py,Undetermined,Undetermined,,None
MirageLink-rat-gui,4,b79f1,NEW@<module>@client_fold_modules_main.py_slice.py,Core Attack Chain,Core Attack Chain,,Type K
MirageLink-rat-gui,4,b79f1,NEW@<module>@client_fold_client.py_slice.py,Full Attack Chain,Full Attack Chain,,Type B
MirageLink-rat-gui,5,2c888,NEW@<body>@server_fold_rat_gui.py_slice.py,Core Attack Chain,Core Attack Chain,,Type I
MirageLink-rat-gui,5,2c888,NEW@<module>@server_fold_rat_gui.py_slice.py,Core Attack Chain,Core Attack Chain,,Type I
MirageLink-rat-gui,5,2c888,<body>@client_fold_modules_main.py_slice.py,SAME AS BEFORE,SAME AS BEFORE,,
MirageLink-rat-gui,5,2c888,NEW@build_info_file@server_fold_rat_gui.py_slice.py,Benign,Benign,,None
MirageLink-rat-gui,5,2c888,<module>@client_fold_server.py_slice.py,SAME AS BEFORE,SAME AS BEFORE,,
MirageLink-rat-gui,5,2c888,<module>@client_fold_client.py_slice.py,SAME AS BEFORE,SAME AS BEFORE,,
MirageLink-rat-gui,5,2c888,<module>@client_fold_modules_main.py_slice.py,SAME AS BEFORE,SAME AS BEFORE,,
MirageLink-rat-gui,6,eee30,NEW@<body>@server_fold_rat_gui.py_slice.py,Core Attack Chain,Core Attack Chain,,Type B
MirageLink-rat-gui,6,eee30,NEW@<module>@server_fold_rat_gui.py_slice.py,Core Attack Chain,Core Attack Chain,,Type B
MirageLink-rat-gui,6,eee30,NEW@<body>@client_fold_modules_main.py_slice.py,Benign,Undetermined,,None
MirageLink-rat-gui,6,eee30,<module>@client_fold_server.py_slice.py,SAME AS BEFORE,SAME AS BEFORE,,
MirageLink-rat-gui,6,eee30,<module>@client_fold_modules_main.py_slice.py,SAME AS BEFORE,SAME AS BEFORE,,
MirageLink-rat-gui,6,eee30,NEW@<module>@client_fold_client.py_slice.py,Full Attack Chain,Full Attack Chain,,Type B
MirageLink-rat-gui,7,445a2,NEW@<body>@server_fold_rat_gui.py_slice.py,Core Attack Chain,Core Attack Chain,,Type B
MirageLink-rat-gui,7,445a2,NEW@<module>@server_fold_rat_gui.py_slice.py,Core Attack Chain,Core Attack Chain,,Type B
MirageLink-rat-gui,7,445a2,<body>@client_fold_modules_main.py_slice.py,SAME AS BEFORE,SAME AS BEFORE,,
MirageLink-rat-gui,7,445a2,<module>@client_fold_server.py_slice.py,SAME AS BEFORE,SAME AS BEFORE,,
MirageLink-rat-gui,7,445a2,<module>@client_fold_modules_main.py_slice.py,SAME AS BEFORE,SAME AS BEFORE,,
MirageLink-rat-gui,7,445a2,NEW@<module>@client_fold_client.py_slice.py,Full Attack Chain,Full Attack Chain,,Type B
MirageLink-rat-gui,8,1eab6,NEW@<body>@server_fold_rat_gui.py_slice.py,Core Attack Chain,Core Attack Chain,,Type B
MirageLink-rat-gui,8,1eab6,<module>@server_fold_rat_gui.py_slice.py,SAME AS BEFORE,SAME AS BEFORE,,
MirageLink-rat-gui,8,1eab6,<body>@client_fold_modules_main.py_slice.py,SAME AS BEFORE,SAME AS BEFORE,,
MirageLink-rat-gui,8,1eab6,<module>@client_fold_server.py_slice.py,SAME AS BEFORE,SAME AS BEFORE,,
MirageLink-rat-gui,8,1eab6,<module>@client_fold_client.py_slice.py,SAME AS BEFORE,SAME AS BEFORE,,
MirageLink-rat-gui,8,1eab6,<module>@client_fold_modules_main.py_slice.py,SAME AS BEFORE,SAME AS BEFORE,,
MirageLink-rat-gui,9,c0342,NEW@<body>@server_fold_rat_gui.py_slice.py,Core Attack Chain,Core Attack Chain,,Type B
MirageLink-rat-gui,9,c0342,<module>@server_fold_rat_gui.py_slice.py,SAME AS BEFORE,SAME AS BEFORE,,
MirageLink-rat-gui,9,c0342,NEW@<module>@server_fold_rat_gui2.py_slice.py,Core Attack Chain,Core Attack Chain,,Type B
MirageLink-rat-gui,9,c0342,<body>@client_fold_modules_main.py_slice.py,SAME AS BEFORE,SAME AS BEFORE,,
MirageLink-rat-gui,9,c0342,NEW@<body>@server_fold_rat_gui2.py_slice.py,Undetermined,Undetermined,,None
MirageLink-rat-gui,9,c0342,<module>@client_fold_server.py_slice.py,SAME AS BEFORE,SAME AS BEFORE,,
MirageLink-rat-gui,9,c0342,<module>@client_fold_client.py_slice.py,SAME AS BEFORE,SAME AS BEFORE,,
MirageLink-rat-gui,9,c0342,<module>@client_fold_modules_main.py_slice.py,SAME AS BEFORE,SAME AS BEFORE,,
MirageLink-rat-gui,10,3f1a6,NEW@<body>@rat_gui.py_slice.py,Core Attack Chain,Core Attack Chain,,Type B
MirageLink-rat-gui,10,3f1a6,NEW@<module>@rat_gui.py_slice.py,Core Attack Chain,Core Attack Chain,,Type B
MirageLink-rat-gui,10,3f1a6,NEW@add_content_to_tabs@rat_gui.py_slice.py,Core Attack Chain,Core Attack Chain,,Type B
MirageLink-rat-gui,10,3f1a6,NEW@create_func_app@rat_gui.py_slice.py,Core Attack Chain,Core Attack Chain,,Type B
MirageLink-rat-gui,10,3f1a6,<body>@client_fold_modules_main.py_slice.py,SAME AS BEFORE,SAME AS BEFORE,,
MirageLink-rat-gui,10,3f1a6,<module>@client_fold_server.py_slice.py,SAME AS BEFORE,SAME AS BEFORE,,
MirageLink-rat-gui,10,3f1a6,<module>@client_fold_client.py_slice.py,SAME AS BEFORE,SAME AS BEFORE,,
MirageLink-rat-gui,10,3f1a6,<module>@client_fold_modules_main.py_slice.py,SAME AS BEFORE,SAME AS BEFORE,,
MirageLink-rat-gui,11,e0592,NEW@<body>@rat_gui.py_slice.py,Core Attack Chain,Core Attack Chain,,Type B
MirageLink-rat-gui,11,e0592,NEW@<module>@rat_gui.py_slice.py,Core Attack Chain,Core Attack Chain,,Type B
MirageLink-rat-gui,11,e0592,<body>@client_fold_modules_main.py_slice.py,SAME AS BEFORE,SAME AS BEFORE,,
MirageLink-rat-gui,11,e0592,<module>@client_fold_server.py_slice.py,SAME AS BEFORE,SAME AS BEFORE,,
MirageLink-rat-gui,11,e0592,<module>@client_fold_client.py_slice.py,SAME AS BEFORE,SAME AS BEFORE,,
MirageLink-rat-gui,11,e0592,<module>@client_fold_modules_main.py_slice.py,SAME AS BEFORE,SAME AS BEFORE,,
MirageLink-rat-gui,12,51b32,NEW@<body>@rat_gui.py_slice.py,Core Attack Chain,Core Attack Chain,,Type B
MirageLink-rat-gui,12,51b32,NEW@<module>@rat_gui.py_slice.py,Core Attack Chain,Core Attack Chain,,Type B
MirageLink-rat-gui,13,0c0f3,NEW@<body>@frames_plugins_remote_desktop.py_slice.py,Undetermined,Core Attack Chain,,Type B
MirageLink-rat-gui,13,0c0f3,NEW@<module>@server_gui.py_slice.py,Undetermined,Undetermined,,None
MirageLink-rat-gui,13,0c0f3,NEW@<module>@config.py_slice.py,Benign,Benign,,None
MirageLink-rat-gui,13,0c0f3,NEW@<body>@frames_function.py_slice.py,Core Attack Chain,Core Attack Chain,,Type B
MirageLink-rat-gui,13,0c0f3,NEW@<body>@frames_plugins_console.py_slice.py,Undetermined,Undetermined,,None
MirageLink-rat-gui,13,0c0f3,NEW@<body>@server_gui.py_slice.py,Core Attack Chain,Core Attack Chain,,Type B
MirageLink-rat-gui,13,0c0f3,NEW@<body>@frames_build_config.py_slice.py,Undetermined,Undetermined,,None
MirageLink-rat-gui,14,38efe,<module>@config.py_slice.py,SAME AS BEFORE,SAME AS BEFORE,,
MirageLink-rat-gui,14,38efe,NEW@<module>@server_gui.py_slice.py,Undetermined,Undetermined,,None
MirageLink-rat-gui,14,38efe,NEW@<body>@frames_function.py_slice.py,Core Attack Chain,Core Attack Chain,,Type B
MirageLink-rat-gui,14,38efe,<body>@frames_build_config.py_slice.py,SAME AS BEFORE,SAME AS BEFORE,,
MirageLink-rat-gui,14,38efe,NEW@<body>@frames_plugins_console.py_slice.py,Undetermined,Undetermined,,None
MirageLink-rat-gui,14,38efe,NEW@<body>@server_gui.py_slice.py,Core Attack Chain,Core Attack Chain,,Type B
MirageLink-rat-gui,14,38efe,<body>@frames_plugins_remote_desktop.py_slice.py,SAME AS BEFORE,SAME AS BEFORE,,
MirageLink-rat-gui,15,7d0ce,<module>@config.py_slice.py,SAME AS BEFORE,SAME AS BEFORE,,
MirageLink-rat-gui,15,7d0ce,NEW@<body>@frames_plugins_remote_desktop.py_slice.py,Undetermined,Core Attack Chain,,Type B
MirageLink-rat-gui,15,7d0ce,NEW@<module>@server_gui.py_slice.py,Undetermined,Undetermined,,None
MirageLink-rat-gui,15,7d0ce,NEW@<body>@frames_function.py_slice.py,Core Attack Chain,Core Attack Chain,,Type B
MirageLink-rat-gui,15,7d0ce,<body>@frames_build_config.py_slice.py,SAME AS BEFORE,SAME AS BEFORE,,
MirageLink-rat-gui,15,7d0ce,NEW@<body>@server_gui.py_slice.py,Core Attack Chain,Core Attack Chain,,Type B
MirageLink-rat-gui,15,7d0ce,<body>@frames_plugins_console.py_slice.py,SAME AS BEFORE,SAME AS BEFORE,,
MirageLink-rat-gui,16,b03b0,<module>@config.py_slice.py,SAME AS BEFORE,SAME AS BEFORE,,
MirageLink-rat-gui,16,b03b0,NEW@<module>@server_gui.py_slice.py,Undetermined,Undetermined,,
MirageLink-rat-gui,16,b03b0,<body>@frames_build_config.py_slice.py,SAME AS BEFORE,SAME AS BEFORE,,
MirageLink-rat-gui,16,b03b0,NEW@<body>@server_gui.py_slice.py,Core Attack Chain,Core Attack Chain,,
MirageLink-rat-gui,16,b03b0,<body>@frames_plugins_console.py_slice.py,SAME AS BEFORE,SAME AS BEFORE,,
MirageLink-rat-gui,16,b03b0,NEW@<body>@frames_plugins_remote_tool.py_slice.py,Core Attack Chain,Core Attack Chain,,
MirageLink-rat-gui,17,b03b0,send_file_slice.py,SAME AS BEFORE,SAME AS BEFORE,,
MirageLink-rat-gui,17,b03b0,send_to_client_slice.py,SAME AS BEFORE,SAME AS BEFORE,,
MirageLink-rat-gui,17,b03b0,__init___slice.py,SAME AS BEFORE,SAME AS BEFORE,,
MirageLink-rat-gui,17,b03b0,start_server_slice.py,SAME AS BEFORE,SAME AS BEFORE,,
MirageLink-rat-gui,17,b03b0,_lambda_2_slice.py,SAME AS BEFORE,SAME AS BEFORE,,
MirageLink-rat-gui,17,b03b0,update_host_slice.py,SAME AS BEFORE,SAME AS BEFORE,,
MirageLink-rat-gui,17,b03b0,_lambda_8_slice.py,SAME AS BEFORE,SAME AS BEFORE,,
MirageLink-rat-gui,17,b03b0,_lambda_1_slice.py,SAME AS BEFORE,SAME AS BEFORE,,
MirageLink-rat-gui,17,b03b0,__init___slice.py,SAME AS BEFORE,SAME AS BEFORE,,
MirageLink-rat-gui,17,b03b0,__init___slice.py,SAME AS BEFORE,SAME AS BEFORE,,
MirageLink-rat-gui,17,b03b0,send_command_slice.py,SAME AS BEFORE,SAME AS BEFORE,,
MirageLink-rat-gui,17,b03b0,download_file_slice.py,SAME AS BEFORE,SAME AS BEFORE,,
MirageLink-rat-gui,17,b03b0,handle_client_slice.py,SAME AS BEFORE,SAME AS BEFORE,,
MirageLink-rat-gui,17,47da4,server_gui.py___init___metaClassAdapter__slice.py,SAME AS BEFORE,SAME AS BEFORE,,
MirageLink-rat-gui,17,47da4,frames_plugins_remote_tool.py__body__slice.py,SAME AS BEFORE,SAME AS BEFORE,,
MirageLink-rat-gui,17,47da4,server_gui.py_get_info_metaClassAdapter__slice.py,SAME AS BEFORE,SAME AS BEFORE,,
MirageLink-rat-gui,17,47da4,server_gui.py_block_input_metaClassAdapter__slice.py,SAME AS BEFORE,SAME AS BEFORE,,
MirageLink-rat-gui,17,47da4,frames_settings.py___init___metaClassAdapter__slice.py,SAME AS BEFORE,SAME AS BEFORE,,
MirageLink-rat-gui,17,47da4,server_gui.py_set_wallpaper_metaClassAdapter__slice.py,SAME AS BEFORE,SAME AS BEFORE,,
MirageLink-rat-gui,17,47da4,server_gui.py_start_server_metaClassAdapter__slice.py,SAME AS BEFORE,SAME AS BEFORE,,
MirageLink-rat-gui,17,47da4,server_gui.py_open_link_metaClassAdapter__slice.py,SAME AS BEFORE,SAME AS BEFORE,,
MirageLink-rat-gui,17,47da4,frames_build_config.py_remove_frame_metaClassAdapter__slice.py,SAME AS BEFORE,SAME AS BEFORE,,
MirageLink-rat-gui,17,47da4,server_gui.py_send_and_run_metaClassAdapter__slice.py,SAME AS BEFORE,SAME AS BEFORE,,
MirageLink-rat-gui,17,47da4,server_gui.py_handle_client_metaClassAdapter__slice.py,SAME AS BEFORE,SAME AS BEFORE,,
MirageLink-rat-gui,17,47da4,frames_plugins_console.py__body__slice.py,SAME AS BEFORE,SAME AS BEFORE,,
MirageLink-rat-gui,17,47da4,frames_build_config.py_build_info_file_metaClassAdapter__slice.py,SAME AS BEFORE,SAME AS BEFORE,,
MirageLink-rat-gui,17,47da4,server_gui.py_msg_box_metaClassAdapter__slice.py,SAME AS BEFORE,SAME AS BEFORE,,
MirageLink-rat-gui,17,47da4,server_gui.py_console_metaClassAdapter__slice.py,SAME AS BEFORE,SAME AS BEFORE,,
MirageLink-rat-gui,17,47da4,server_gui.py_draw_settings_app_metaClassAdapter__slice.py,SAME AS BEFORE,SAME AS BEFORE,,
MirageLink-rat-gui,17,47da4,frames_settings.py__body__slice.py,SAME AS BEFORE,SAME AS BEFORE,,
MirageLink-rat-gui,17,47da4,frames_plugins_console.py___init___metaClassAdapter__slice.py,SAME AS BEFORE,SAME AS BEFORE,,
MirageLink-rat-gui,17,47da4,server_gui.py_display_controll_metaClassAdapter__slice.py,SAME AS BEFORE,SAME AS BEFORE,,
MirageLink-rat-gui,17,47da4,server_gui.py_download_file_metaClassAdapter__slice.py,SAME AS BEFORE,SAME AS BEFORE,,
MirageLink-rat-gui,17,47da4,server_gui.py_killer_metaClassAdapter__slice.py,SAME AS BEFORE,SAME AS BEFORE,,
MirageLink-rat-gui,17,47da4,server_gui.py_post_msg_metaClassAdapter__slice.py,SAME AS BEFORE,SAME AS BEFORE,,
MirageLink-rat-gui,17,47da4,server_gui.py__module__slice.py,SAME AS BEFORE,SAME AS BEFORE,,
MirageLink-rat-gui,17,47da4,frames_build_config.py__body__slice.py,SAME AS BEFORE,SAME AS BEFORE,,
MirageLink-rat-gui,17,47da4,frames_function.py___init___metaClassAdapter__slice.py,SAME AS BEFORE,SAME AS BEFORE,,
MirageLink-rat-gui,17,47da4,server_gui.py_remote_tool_metaClassAdapter__slice.py,SAME AS BEFORE,SAME AS BEFORE,,
MirageLink-rat-gui,17,47da4,server_gui.py__body__slice.py,SAME AS BEFORE,SAME AS BEFORE,,
MirageLink-rat-gui,17,47da4,server_gui.py_send_file_metaClassAdapter__slice.py,SAME AS BEFORE,SAME AS BEFORE,,
MirageLink-rat-gui,17,47da4,server_gui.py_off_pc_metaClassAdapter__slice.py,SAME AS BEFORE,SAME AS BEFORE,,
MirageLink-rat-gui,17,47da4,server_gui.py_draw_func_app_metaClassAdapter__slice.py,SAME AS BEFORE,SAME AS BEFORE,,
MirageLink-rat-gui,17,47da4,frames_plugins_remote_tool.py_start_listening_metaClassAdapter__slice.py,SAME AS BEFORE,SAME AS BEFORE,,
MirageLink-rat-gui,17,47da4,config.py__module__slice.py,SAME AS BEFORE,SAME AS BEFORE,,
MirageLink-rat-gui,17,47da4,frames_plugins_remote_tool.py___init___metaClassAdapter__slice.py,SAME AS BEFORE,SAME AS BEFORE,,
MirageLink-rat-gui,17,47da4,server_gui.py_send_to_client_metaClassAdapter__slice.py,SAME AS BEFORE,SAME AS BEFORE,,
MirageLink-rat-gui,17,47da4,server_gui.py__lambda_0_slice.py,SAME AS BEFORE,SAME AS BEFORE,,
MirageLink-rat-gui,17,47da4,frames_function.py__body__slice.py,SAME AS BEFORE,SAME AS BEFORE,,
MirageLink-rat-gui,17,47da4,frames_plugins_console.py_send_command_metaClassAdapter__slice.py,SAME AS BEFORE,SAME AS BEFORE,,
MirageLink-rat-gui,17,47da4,frames_settings.py_update_host_metaClassAdapter__slice.py,SAME AS BEFORE,SAME AS BEFORE,,
MirageLink-rat-gui,18,1ec14,NEW@<module>@server_gui.py_slice.py,Undetermined,Undetermined,,None
MirageLink-rat-gui,18,1ec14,NEW@<module>@config.py_slice.py,Benign,Benign,,None
MirageLink-rat-gui,18,1ec14,<body>@frames_build_config.py_slice.py,SAME AS BEFORE,SAME AS BEFORE,,
MirageLink-rat-gui,18,1ec14,NEW@<body>@server_gui.py_slice.py,Core Attack Chain,Core Attack Chain,,Type B
MirageLink-rat-gui,18,1ec14,<body>@frames_plugins_console.py_slice.py,SAME AS BEFORE,SAME AS BEFORE,,
MirageLink-rat-gui,18,1ec14,NEW@<body>@frames_plugins_remote_tool.py_slice.py,Core Attack Chain,Core Attack Chain,,Type B
MirageLink-rat-gui,19,cf4ae,<module>@config.py_slice.py,SAME AS BEFORE,SAME AS BEFORE,,
MirageLink-rat-gui,19,cf4ae,NEW@<module>@server_gui.py_slice.py,Core Attack Chain,Core Attack Chain,,Type B
MirageLink-rat-gui,19,cf4ae,NEW@<body>@frames_function.py_slice.py,Core Attack Chain,Core Attack Chain,,Type B
MirageLink-rat-gui,19,cf4ae,<body>@frames_build_config.py_slice.py,SAME AS BEFORE,SAME AS BEFORE,,
MirageLink-rat-gui,19,cf4ae,NEW@<body>@server_gui.py_slice.py,Core Attack Chain,Core Attack Chain,,Type B
MirageLink-rat-gui,19,cf4ae,<body>@frames_plugins_console.py_slice.py,SAME AS BEFORE,SAME AS BEFORE,,
MirageLink-rat-gui,19,cf4ae,NEW@<body>@frames_plugins_remote_tool.py_slice.py,Core Attack Chain,Core Attack Chain,,Type B
MirageLink-rat-gui,20,16f9f,<module>@config.py_slice.py,SAME AS BEFORE,SAME AS BEFORE,,
MirageLink-rat-gui,20,16f9f,NEW@<module>@server_gui.py_slice.py,Core Attack Chain,Core Attack Chain,,None
MirageLink-rat-gui,20,16f9f,NEW@<body>@frames_function.py_slice.py,Core Attack Chain,Core Attack Chain,,Type B
MirageLink-rat-gui,20,16f9f,<body>@frames_build_config.py_slice.py,SAME AS BEFORE,SAME AS BEFORE,,
MirageLink-rat-gui,20,16f9f,NEW@<body>@frames_plugins_console.py_slice.py,Undetermined,Undetermined,,None
MirageLink-rat-gui,20,16f9f,NEW@<body>@server_gui.py_slice.py,Core Attack Chain,Core Attack Chain,,Type B
MirageLink-rat-gui,20,16f9f,NEW@<body>@frames_plugins_remote_tool.py_slice.py,Core Attack Chain,Core Attack Chain,,Type B
MirageLink-rat-gui,20,16f9f,NEW@<body>@frames_settings.py_slice.py,Benign,Benign,,None
MirageLink-rat-gui,21,7a380,NEW@<module>@server_gui.py_slice.py,Core Attack Chain,Core Attack Chain,,None
MirageLink-rat-gui,21,7a380,NEW@<module>@config.py_slice.py,Benign,Benign,,None
MirageLink-rat-gui,21,7a380,NEW@<body>@frames_function.py_slice.py,Core Attack Chain,Core Attack Chain,,Type B
MirageLink-rat-gui,21,7a380,NEW@<body>@server_gui.py_slice.py,Core Attack Chain,Core Attack Chain,,Type B
MirageLink-rat-gui,21,7a380,NEW@<body>@frames_build_config.py_slice.py,Benign,Undetermined,,None
MirageLink-rat-gui,21,7a380,<body>@frames_plugins_console.py_slice.py,SAME AS BEFORE,SAME AS BEFORE,,
MirageLink-rat-gui,21,7a380,NEW@<body>@frames_plugins_remote_tool.py_slice.py,Core Attack Chain,Core Attack Chain,,Type B
MirageLink-rat-gui,21,7a380,NEW@<body>@frames_settings.py_slice.py,Benign,Benign,,None
MirageLink-rat-gui,21,7a380,NEW@<body>@frames_plugins_file_manager.py_slice.py,Undetermined,Undetermined,,None
MirageLink-rat-gui,22,ba9e2,<module>@config.py_slice.py,SAME AS BEFORE,SAME AS BEFORE,,
MirageLink-rat-gui,22,ba9e2,NEW@file_builder@frames_plugins_file_manager.py_slice.py,Benign,Undetermined,,None
MirageLink-rat-gui,22,ba9e2,NEW@<module>@server_gui.py_slice.py,Core Attack Chain,Core Attack Chain,,Type B
MirageLink-rat-gui,22,ba9e2,NEW@<body>@frames_function.py_slice.py,Core Attack Chain,Core Attack Chain,,Type B
MirageLink-rat-gui,22,ba9e2,<body>@frames_build_config.py_slice.py,SAME AS BEFORE,SAME AS BEFORE,,
MirageLink-rat-gui,22,ba9e2,NEW@create_file@frames_plugins_file_manager.py_slice.py,Undetermined,Benign,,None
MirageLink-rat-gui,22,ba9e2,NEW@<body>@server_gui.py_slice.py,Core Attack Chain,Core Attack Chain,,Type B
MirageLink-rat-gui,22,ba9e2,<body>@frames_plugins_console.py_slice.py,SAME AS BEFORE,SAME AS BEFORE,,
MirageLink-rat-gui,22,ba9e2,NEW@<body>@frames_plugins_remote_tool.py_slice.py,Core Attack Chain,Core Attack Chain,,Type B
MirageLink-rat-gui,22,ba9e2,NEW@<body>@frames_settings.py_slice.py,Benign,Benign,,None
MirageLink-rat-gui,22,ba9e2,NEW@<body>@frames_plugins_file_manager.py_slice.py,Undetermined,Undetermined,,None
MirageLink-rat-gui,23,b2e6a,<module>@config.py_slice.py,SAME AS BEFORE,SAME AS BEFORE,,
MirageLink-rat-gui,23,b2e6a,NEW@<module>@server_gui.py_slice.py,Core Attack Chain,Core Attack Chain,,Type I
MirageLink-rat-gui,23,b2e6a,NEW@<body>@frames_function.py_slice.py,Core Attack Chain,Core Attack Chain,,Type B
MirageLink-rat-gui,23,b2e6a,<body>@frames_build_config.py_slice.py,SAME AS BEFORE,SAME AS BEFORE,,
MirageLink-rat-gui,23,b2e6a,NEW@<body>@server_gui.py_slice.py,Core Attack Chain,Core Attack Chain,,Type B
MirageLink-rat-gui,23,b2e6a,<body>@frames_plugins_console.py_slice.py,SAME AS BEFORE,SAME AS BEFORE,,
MirageLink-rat-gui,23,b2e6a,NEW@<body>@frames_plugins_remote_tool.py_slice.py,Core Attack Chain,Core Attack Chain,,Type B
MirageLink-rat-gui,23,b2e6a,NEW@<body>@frames_settings.py_slice.py,Benign,Benign,,None
MirageLink-rat-gui,23,b2e6a,NEW@<body>@frames_plugins_file_manager.py_slice.py,Undetermined,Undetermined,,None
MirageLink-rat-gui,24,b1fa2,<module>@config.py_slice.py,SAME AS BEFORE,SAME AS BEFORE,,
MirageLink-rat-gui,24,b1fa2,NEW@<module>@server_gui.py_slice.py,Core Attack Chain,Core Attack Chain,,Type B
MirageLink-rat-gui,24,b1fa2,NEW@<body>@frames_function.py_slice.py,Core Attack Chain,Core Attack Chain,,Type B
MirageLink-rat-gui,24,b1fa2,<body>@frames_build_config.py_slice.py,SAME AS BEFORE,SAME AS BEFORE,,
MirageLink-rat-gui,24,b1fa2,NEW@<body>@server_gui.py_slice.py,Core Attack Chain,Core Attack Chain,,Type B
MirageLink-rat-gui,24,b1fa2,<body>@frames_plugins_console.py_slice.py,SAME AS BEFORE,SAME AS BEFORE,,
MirageLink-rat-gui,24,b1fa2,NEW@<body>@frames_plugins_remote_tool.py_slice.py,Core Attack Chain,Core Attack Chain,,Type B
MirageLink-rat-gui,24,b1fa2,NEW@<body>@frames_settings.py_slice.py,Benign,Benign,,None
MirageLink-rat-gui,24,b1fa2,NEW@<body>@frames_plugins_file_manager.py_slice.py,Undetermined,Undetermined,,None
MirageLink-rat-gui,25,13334,<module>@config.py_slice.py,SAME AS BEFORE,SAME AS BEFORE,,
MirageLink-rat-gui,25,13334,NEW@<module>@server_gui.py_slice.py,Core Attack Chain,Core Attack Chain,,Type B
MirageLink-rat-gui,25,13334,NEW@<body>@server_gui.py_slice.py,Core Attack Chain,Core Attack Chain,,Type B
MirageLink-rat-gui,25,13334,NEW@<body>@frames_function.py_slice.py,Core Attack Chain,Core Attack Chain,,Type B
MirageLink-rat-gui,25,13334,NEW@<body>@frames_build_config.py_slice.py,Benign,Undetermined,,None
MirageLink-rat-gui,25,13334,<body>@frames_plugins_console.py_slice.py,SAME AS BEFORE,SAME AS BEFORE,,
MirageLink-rat-gui,25,13334,NEW@<body>@frames_plugins_remote_tool.py_slice.py,Core Attack Chain,Core Attack Chain,,Type B
MirageLink-rat-gui,25,13334,NEW@<body>@frames_settings.py_slice.py,Benign,Benign,,None
MirageLink-rat-gui,25,13334,NEW@<body>@frames_plugins_file_manager.py_slice.py,Undetermined,Undetermined,,None
MirageLink-rat-gui,26,7761a,NEW@<module>@server_gui.py_slice.py,Core Attack Chain,Core Attack Chain,,Type B
MirageLink-rat-gui,26,7761a,NEW@<module>@config.py_slice.py,Benign,Benign,,None
MirageLink-rat-gui,26,7761a,NEW@<body>@frames_function.py_slice.py,Core Attack Chain,Core Attack Chain,,Type B
MirageLink-rat-gui,26,7761a,<body>@frames_build_config.py_slice.py,SAME AS BEFORE,SAME AS BEFORE,,
MirageLink-rat-gui,26,7761a,<body>@frames_plugins_file_manager.py_slice.py,SAME AS BEFORE,SAME AS BEFORE,,
MirageLink-rat-gui,26,7761a,NEW@<body>@server_gui.py_slice.py,Core Attack Chain,Core Attack Chain,,Type B
MirageLink-rat-gui,26,7761a,<body>@frames_plugins_console.py_slice.py,SAME AS BEFORE,SAME AS BEFORE,,
MirageLink-rat-gui,26,7761a,NEW@<body>@frames_plugins_remote_tool.py_slice.py,Core Attack Chain,Core Attack Chain,,Type B
MirageLink-rat-gui,26,7761a,NEW@<body>@frames_settings.py_slice.py,Benign,Benign,,None
MirageLink-rat-gui,26,7761a,NEW@<module>@soundpad.py_slice.py,Benign,Benign,,None
MirageLink-rat-gui,27,d179f,NEW@<module>@server_gui.py_slice.py,Core Attack Chain,Core Attack Chain,,Type B
MirageLink-rat-gui,27,d179f,NEW@<module>@config.py_slice.py,Benign,Benign,,None
MirageLink-rat-gui,27,d179f,NEW@<body>@frames_function.py_slice.py,Core Attack Chain,Core Attack Chain,,Type B
MirageLink-rat-gui,27,d179f,<body>@frames_build_config.py_slice.py,SAME AS BEFORE,SAME AS BEFORE,,
MirageLink-rat-gui,27,d179f,<body>@frames_plugins_file_manager.py_slice.py,SAME AS BEFORE,SAME AS BEFORE,,
MirageLink-rat-gui,27,d179f,<module>@soundpad.py_slice.py,SAME AS BEFORE,SAME AS BEFORE,,
MirageLink-rat-gui,27,d179f,NEW@<body>@server_gui.py_slice.py,Core Attack Chain,Core Attack Chain,,Type B
MirageLink-rat-gui,27,d179f,<body>@frames_plugins_console.py_slice.py,SAME AS BEFORE,SAME AS BEFORE,,
MirageLink-rat-gui,27,d179f,NEW@<body>@frames_plugins_remote_tool.py_slice.py,Core Attack Chain,Core Attack Chain,,Type B
MirageLink-rat-gui,27,d179f,NEW@<body>@frames_settings.py_slice.py,Benign,Benign,,None
MirageLink-rat-gui,28,17166,<module>@config.py_slice.py,SAME AS BEFORE,SAME AS BEFORE,,
MirageLink-rat-gui,28,17166,NEW@<module>@server_gui.py_slice.py,Core Attack Chain,Core Attack Chain,,Type B
MirageLink-rat-gui,28,17166,NEW@<body>@frames_function.py_slice.py,Core Attack Chain,Core Attack Chain,,Type B
MirageLink-rat-gui,28,17166,<body>@frames_build_config.py_slice.py,SAME AS BEFORE,SAME AS BEFORE,,
MirageLink-rat-gui,28,17166,<body>@frames_plugins_file_manager.py_slice.py,SAME AS BEFORE,SAME AS BEFORE,,
MirageLink-rat-gui,28,17166,<module>@soundpad.py_slice.py,SAME AS BEFORE,SAME AS BEFORE,,
MirageLink-rat-gui,28,17166,NEW@<body>@server_gui.py_slice.py,Core Attack Chain,Core Attack Chain,,Type B
MirageLink-rat-gui,28,17166,<body>@frames_plugins_console.py_slice.py,SAME AS BEFORE,SAME AS BEFORE,,
MirageLink-rat-gui,28,17166,NEW@<body>@frames_plugins_remote_tool.py_slice.py,Core Attack Chain,Core Attack Chain,,Type B
MirageLink-rat-gui,28,17166,NEW@<body>@frames_settings.py_slice.py,Benign,Benign,,None
MirageLink-rat-gui,29,278a3,<module>@config.py_slice.py,SAME AS BEFORE,SAME AS BEFORE,,
MirageLink-rat-gui,29,278a3,NEW@<module>@server_gui.py_slice.py,Core Attack Chain,Core Attack Chain,,Type B
MirageLink-rat-gui,29,278a3,NEW@<body>@frames_function.py_slice.py,Core Attack Chain,Full Attack Chain,B:Hallucination,Type B
MirageLink-rat-gui,29,278a3,<body>@frames_build_config.py_slice.py,SAME AS BEFORE,SAME AS BEFORE,,
MirageLink-rat-gui,29,278a3,<body>@frames_plugins_file_manager.py_slice.py,SAME AS BEFORE,SAME AS BEFORE,,
MirageLink-rat-gui,29,278a3,<module>@soundpad.py_slice.py,SAME AS BEFORE,SAME AS BEFORE,,
MirageLink-rat-gui,29,278a3,NEW@<body>@server_gui.py_slice.py,Full Attack Chain,Full Attack Chain,,Type B
MirageLink-rat-gui,29,278a3,<body>@frames_plugins_console.py_slice.py,SAME AS BEFORE,SAME AS BEFORE,,
MirageLink-rat-gui,29,278a3,NEW@<body>@frames_plugins_remote_tool.py_slice.py,Core Attack Chain,Core Attack Chain,,Type B
MirageLink-rat-gui,29,278a3,NEW@<body>@frames_settings.py_slice.py,Benign,Benign,,None
MirageLink-rat-gui,30,cb51a,NEW@<body>@builder_clients_data_client_plugins_client_remote_desk.py_slice.py,Core Attack Chain,Core Attack Chain,,Type B
MirageLink-rat-gui,30,cb51a,<module>@config.py_slice.py,SAME AS BEFORE,SAME AS BEFORE,,
MirageLink-rat-gui,30,cb51a,NEW@<module>@builder_clients_data_client_client.py_slice.py,Full Attack Chain,Full Attack Chain,,Type B
MirageLink-rat-gui,30,cb51a,NEW@<module>@builder_clients_data_client_build.py_slice.py,Benign,Benign,,None
MirageLink-rat-gui,30,cb51a,NEW@<module>@server_gui.py_slice.py,Core Attack Chain,Undetermined,,None
MirageLink-rat-gui,30,cb51a,NEW@<body>@frames_function.py_slice.py,Core Attack Chain,Core Attack Chain,,Type B
MirageLink-rat-gui,30,cb51a,<body>@frames_build_config.py_slice.py,SAME AS BEFORE,SAME AS BEFORE,,
MirageLink-rat-gui,30,cb51a,NEW@<body>@frames_plugins_console.py_slice.py,Undetermined,Undetermined,,None
MirageLink-rat-gui,30,cb51a,<module>@soundpad.py_slice.py,SAME AS BEFORE,SAME AS BEFORE,,
MirageLink-rat-gui,30,cb51a,NEW@<body>@builder_clients_data_client_plugins_client_main.py_slice.py,Benign,Benign,,None
MirageLink-rat-gui,30,cb51a,NEW@<body>@server_gui.py_slice.py,Core Attack Chain,Core Attack Chain,,Type B
MirageLink-rat-gui,30,cb51a,NEW@<body>@frames_plugins_remote_tool.py_slice.py,Core Attack Chain,Core Attack Chain,,Type B
MirageLink-rat-gui,30,cb51a,NEW@<module>@builder_clients_data_client_plugins_client_main.py_slice.py,Core Attack Chain,Core Attack Chain,,Type K
MirageLink-rat-gui,30,cb51a,NEW@<body>@frames_settings.py_slice.py,Benign,Benign,,None
MirageLink-rat-gui,30,cb51a,NEW@<body>@builder_clients_data_client_plugins_client_file_streamer.py_slice.py,Benign,Benign,,None
MirageLink-rat-gui,30,cb51a,NEW@<body>@frames_plugins_file_manager.py_slice.py,Undetermined,Undetermined,,None
MirageLink-rat-gui,30,cb51a,NEW@<body>@builder_clients_data_client_client.py_slice.py,Full Attack Chain,Full Attack Chain,,Type B
NetWorm,0,77e84,NEW@<module>@worm.py_slice.py,Benign,Benign,,None
NetWorm,1,1ae15,NEW@<module>@worm.py_slice.py,Benign,Benign,,None
NetWorm,2,51679,NEW@<module>@worm.py_slice.py,Benign,Benign,,None
NetWorm,3,d0967,NEW@<module>@worm.py_slice.py,Core Attack Chain,Core Attack Chain,,Type L
NetWorm,4,55399,NEW@<module>@worm.py_slice.py,Core Attack Chain,Core Attack Chain,,Type L
NetWorm,5,3c5fc,NEW@<module>@worm.py_slice.py,Core Attack Chain,Core Attack Chain,,Type L
NetWorm,6,66ac3,<module>@worm.py_slice.py,SAME AS BEFORE,SAME AS BEFORE,,
NetWorm,7,b89cf,NEW@<module>@worm.py_slice.py,Core Attack Chain,Core Attack Chain,,Type L
NetWorm,8,77612,NEW@<module>@worm.py_slice.py,Core Attack Chain,Core Attack Chain,,Type L
NetWorm,9,97172,NEW@<module>@worm.py_slice.py,Core Attack Chain,Core Attack Chain,,Type L
NetWorm,10,02426,NEW@<module>@worm.py_slice.py,Core Attack Chain,Core Attack Chain,,Type L
NetWorm,11,8a70e,<module>@worm.py_slice.py,SAME AS BEFORE,SAME AS BEFORE,,
NetWorm,12,f9063,<module>@worm.py_slice.py,SAME AS BEFORE,SAME AS BEFORE,,
NetWorm,13,10a7d,NEW@<module>@worm.py_slice.py,Core Attack Chain,Core Attack Chain,,Type L
NetWorm,14,71d5a,NEW@<module>@worm.py_slice.py,Core Attack Chain,Core Attack Chain,,Type L
NetWorm,15,c2499,NEW@<module>@worm.py_slice.py,Core Attack Chain,Core Attack Chain,,Type L
NetWorm,16,c0920,NEW@<module>@networking.py_slice.py,Benign,Benign,,None
NetWorm,16,c0920,NEW@<module>@worm.py_slice.py,Core Attack Chain,Core Attack Chain,,Type L
NetWorm,17,e5f98,<module>@networking.py_slice.py,SAME AS BEFORE,SAME AS BEFORE,,
NetWorm,17,e5f98,NEW@<module>@worm.py_slice.py,Core Attack Chain,Core Attack Chain,,Type L
NetWorm,18,d583e,<module>@networking.py_slice.py,SAME AS BEFORE,SAME AS BEFORE,,
NetWorm,18,d583e,<module>@worm.py_slice.py,SAME AS BEFORE,SAME AS BEFORE,,
NetWorm,19,9439d,<module>@networking.py_slice.py,SAME AS BEFORE,SAME AS BEFORE,,
NetWorm,19,9439d,NEW@<module>@worm.py_slice.py,Core Attack Chain,Core Attack Chain,,Type L
parvox,0,9467c,NEW@<module>@main.py_slice.py,Benign,Benign,,None
parvox,0,9467c,NEW@<module>@dikz_funcs.py_slice.py,Benign,Benign,,None
parvox,1,7e77e,<module>@main.py_slice.py,SAME AS BEFORE,SAME AS BEFORE,,
parvox,1,7e77e,<module>@dikz_funcs.py_slice.py,SAME AS BEFORE,SAME AS BEFORE,,
parvox,1,7e77e,NEW@<module>@dikz_payloads_revshell.py_slice.py,Full Attack Chain,Full Attack Chain,,Type B
parvox,1,7e77e,NEW@<module>@dikz_payloads_wallp.py_slice.py,Full Attack Chain,Full Attack Chain,,Type J
parvox,1,7e77e,NEW@<module>@dikz_payloads_replicate.py_slice.py,Core Attack Chain,Core Attack Chain,,Type J
parvox,2,7f76c,<module>@main.py_slice.py,SAME AS BEFORE,SAME AS BEFORE,,
parvox,2,7f76c,<module>@dikz_funcs.py_slice.py,SAME AS BEFORE,SAME AS BEFORE,,
parvox,2,7f76c,<module>@dikz_payloads_revshell.py_slice.py,SAME AS BEFORE,SAME AS BEFORE,,
parvox,3,3bc2b,<module>@main.py_slice.py,SAME AS BEFORE,SAME AS BEFORE,,
parvox,3,3bc2b,<module>@dikz_funcs.py_slice.py,SAME AS BEFORE,SAME AS BEFORE,,
parvox,3,3bc2b,<module>@dikz_payloads_revshell.py_slice.py,SAME AS BEFORE,SAME AS BEFORE,,
parvox,4,1cf7a,NEW@<module>@payloads_wallp.py_slice.py,Full Attack Chain,Full Attack Chain,,Type K
parvox,4,1cf7a,<module>@main.py_slice.py,SAME AS BEFORE,SAME AS BEFORE,,
parvox,4,1cf7a,NEW@<module>@payloads_gwifi.py_slice.py,Core Attack Chain,Core Attack Chain,,Type A
parvox,4,1cf7a,<module>@dikz_funcs.py_slice.py,SAME AS BEFORE,SAME AS BEFORE,,
parvox,4,1cf7a,NEW@<module>@payloads_revshell.py_slice.py,Full Attack Chain,Full Attack Chain,,Type B
parvox,4,1cf7a,NEW@<module>@payloads_comspec.py_slice.py,Benign,Benign,,None
parvox,4,1cf7a,NEW@<module>@payloads_replicate.py_slice.py,Full Attack Chain,Full Attack Chain,,Type J
parvox,5,ae436,NEW@<module>@main.py_slice.py,Full Attack Chain,Core Attack Chain,,Type B
parvox,5,ae436,NEW@<module>@payloads_computer_specs.py_slice.py,Benign,Benign,,None
parvox,5,ae436,NEW@<module>@payloads_mini_worm.py_slice.py,Full Attack Chain,Full Attack Chain,,Type J
parvox,5,ae436,NEW@<module>@payloads_change_wallpaper.py_slice.py,Full Attack Chain,Full Attack Chain,,Type K
parvox,5,ae436,<module>@dikz_funcs.py_slice.py,SAME AS BEFORE,SAME AS BEFORE,,
parvox,5,ae436,NEW@<module>@adder.py_slice.py,Core Attack Chain,Core Attack Chain,,Type J
parvox,5,ae436,NEW@<module>@payloads_reverse_shell.py_slice.py,Full Attack Chain,Full Attack Chain,,Type B
parvox,5,ae436,NEW@<module>@payloads_grab_wifi.py_slice.py,Core Attack Chain,Core Attack Chain,,Type A
parvox,6,5aad2,NEW@<module>@main.py_slice.py,Full Attack Chain,Undetermined,,None
parvox,6,5aad2,<module>@payloads_mini_worm.py_slice.py,SAME AS BEFORE,SAME AS BEFORE,,
parvox,6,5aad2,<module>@payloads_change_wallpaper.py_slice.py,SAME AS BEFORE,SAME AS BEFORE,,
parvox,6,5aad2,<module>@dikz_funcs.py_slice.py,SAME AS BEFORE,SAME AS BEFORE,,
parvox,6,5aad2,<module>@payloads_grab_wifi.py_slice.py,SAME AS BEFORE,SAME AS BEFORE,,
parvox,6,5aad2,<module>@payloads_reverse_shell.py_slice.py,SAME AS BEFORE,SAME AS BEFORE,,
parvox,6,5aad2,NEW@<module>@adder.py_slice.py,Core Attack Chain,Core Attack Chain,,Type J
parvox,6,5aad2,<module>@payloads_computer_specs.py_slice.py,SAME AS BEFORE,SAME AS BEFORE,,
parvox,7,ac111,NEW@<module>@main.py_slice.py,Full Attack Chain,Full Attack Chain,,Type I
parvox,7,ac111,<module>@payloads_mini_worm.py_slice.py,SAME AS BEFORE,SAME AS BEFORE,,
parvox,7,ac111,<module>@payloads_change_wallpaper.py_slice.py,SAME AS BEFORE,SAME AS BEFORE,,
parvox,7,ac111,NEW@<module>@output_virus.py_slice.py,Full Attack Chain,Full Attack Chain,,Type J
parvox,7,ac111,NEW@<module>@parvox_funcs.py_slice.py,Benign,Benign,,None
parvox,7,ac111,<module>@payloads_grab_wifi.py_slice.py,SAME AS BEFORE,SAME AS BEFORE,,
parvox,7,ac111,<module>@payloads_reverse_shell.py_slice.py,SAME AS BEFORE,SAME AS BEFORE,,
parvox,7,ac111,NEW@<module>@adder.py_slice.py,Full Attack Chain,Full Attack Chain,,Type I
parvox,7,ac111,<module>@payloads_computer_specs.py_slice.py,SAME AS BEFORE,SAME AS BEFORE,,
parvox,8,bc1e1,NEW@<module>@main.py_slice.py,Full Attack Chain,Full Attack Chain,,Type I
parvox,8,bc1e1,<module>@parvox_funcs.py_slice.py,SAME AS BEFORE,SAME AS BEFORE,,
parvox,8,bc1e1,<module>@payloads_mini_worm.py_slice.py,SAME AS BEFORE,SAME AS BEFORE,,
parvox,8,bc1e1,NEW@<module>@payloads_computer_specs.py_slice.py,Core Attack Chain,Core Attack Chain,,Type A
parvox,8,bc1e1,NEW@<module>@payloads_change_wallpaper.py_slice.py,Full Attack Chain,Full Attack Chain,,Type K
parvox,8,bc1e1,<module>@output_virus.py_slice.py,SAME AS BEFORE,SAME AS BEFORE,,
parvox,8,bc1e1,NEW@<module>@adder.py_slice.py,Full Attack Chain,Full Attack Chain,,Type I
parvox,8,bc1e1,NEW@<module>@payloads_reverse_shell.py_slice.py,Full Attack Chain,Full Attack Chain,,Type B
parvox,8,bc1e1,NEW@<module>@payloads_grab_wifi.py_slice.py,Core Attack Chain,Core Attack Chain,,Type A
parvox,9,e22d0,<module>@parvox_funcs.py_slice.py,SAME AS BEFORE,SAME AS BEFORE,,
parvox,9,e22d0,<module>@main.py_slice.py,SAME AS BEFORE,SAME AS BEFORE,,
parvox,9,e22d0,<module>@payloads_mini_worm.py_slice.py,SAME AS BEFORE,SAME AS BEFORE,,
parvox,9,e22d0,<module>@payloads_change_wallpaper.py_slice.py,SAME AS BEFORE,SAME AS BEFORE,,
parvox,9,e22d0,<module>@payloads_grab_wifi.py_slice.py,SAME AS BEFORE,SAME AS BEFORE,,
parvox,9,e22d0,<module>@payloads_reverse_shell.py_slice.py,SAME AS BEFORE,SAME AS BEFORE,,
parvox,9,e22d0,<module>@payloads_computer_specs.py_slice.py,SAME AS BEFORE,SAME AS BEFORE,,
parvox,9,e22d0,<module>@adder.py_slice.py,SAME AS BEFORE,SAME AS BEFORE,,
PizzaVirus,0,2077d,NEW@<module>@pizza.py_slice.py,Benign,Benign,,None
PizzaVirus,2,9d497,NEW@<module>@pizza.py_slice.py,Benign,Benign,,None
PizzaVirus,3,ddc50,NEW@<module>@pizza.py_slice.py,Benign,Benign,,Type K
PizzaVirus,4,68009,NEW@<module>@pizza.py_slice.py,Full Attack Chain,Full Attack Chain,,Type K
PizzaVirus,5,41984,NEW@<module>@pizza.py_slice.py,Full Attack Chain,Full Attack Chain,,Type K
PizzaVirus,6,9df46,NEW@<module>@pizza.py_slice.py,Full Attack Chain,Full Attack Chain,,Type K
PizzaVirus,7,3c4a2,<module>@pizza.py_slice.py,SAME AS BEFORE,SAME AS BEFORE,,
PizzaVirus,8,36206,NEW@<module>@pizza.py_slice.py,Full Attack Chain,Full Attack Chain,,Type K
PizzaVirus,9,5a01a,<module>@pizza.py_slice.py,SAME AS BEFORE,SAME AS BEFORE,,
PY-RAT,0,9ffc2,NEW@<module>@PY_RAT.py_slice.py,Full Attack Chain,Full Attack Chain,,Type B
PY-RAT,2,319e9,NEW@<module>@PY-RAT_PY_RAT.py_slice.py,Full Attack Chain,Full Attack Chain,,Type B
PY-RAT,3,566f4,NEW@<module>@PY-RAT_PY_RAT.py_slice.py,Full Attack Chain,Full Attack Chain,,Type B
PY-RAT,4,ec602,NEW@<module>@PY-RAT_PY_RAT.py_slice.py,Full Attack Chain,Full Attack Chain,,Type B
PY-RAT,5,2b5b2,NEW@<module>@PY-RAT_PY_RAT.py_slice.py,Full Attack Chain,Full Attack Chain,,Type B
PY-RAT,6,cf545,NEW@<module>@PY-RAT_PY_RAT.py_slice.py,Full Attack Chain,Full Attack Chain,,Type B
PY-RAT,7,82cfb,NEW@<module>@PY-RAT_PY_RAT.py_slice.py,Full Attack Chain,Full Attack Chain,,Type B
PY-RAT,8,ef25b,NEW@<module>@PY-RAT_PY_RAT.py_slice.py,Full Attack Chain,Full Attack Chain,,Type B
PY-RAT,8,ef25b,NEW@<module>@SCRIPTS_moveToStartup.py_slice.py,Full Attack Chain,Full Attack Chain,,Type K
PY-RAT,9,95c8a,NEW@<module>@SCRIPTS_changeVol.py_slice.py,Benign,Benign,,None
PY-RAT,9,95c8a,NEW@<module>@PY-RAT_PY_RAT.py_slice.py,Full Attack Chain,Full Attack Chain,,Type B
PY-RAT,9,95c8a,NEW@<module>@SCRIPTS_keyLogger.py_slice.py,Full Attack Chain,Full Attack Chain,,Type H
Python_KeyLogger_Prototype,0,d9b6c,NEW@<module>@KYLR.py_slice.py,Full Attack Chain,Full Attack Chain,,Type H
Python_KeyLogger_Prototype,1,3e192,NEW@<module>@KYLR.py_slice.py,Core Attack Chain,Core Attack Chain,,Type H
Python_KeyLogger_Prototype,2,381d9,<module>@KYLR.py_slice.py,SAME AS BEFORE,SAME AS BEFORE,,
Python_KeyLogger_Prototype,3,41ebc,<module>@KYLR.py_slice.py,SAME AS BEFORE,SAME AS BEFORE,,
Python_KeyLogger_Prototype,4,25ded,NEW@<module>@test.py_slice.py,Core Attack Chain,Core Attack Chain,,Type H
Python_KeyLogger_Prototype,4,25ded,<module>@KYLR.py_slice.py,SAME AS BEFORE,SAME AS BEFORE,,
Python_KeyLogger_Prototype,5,b01c9,NEW@<module>@test.py_slice.py,Core Attack Chain,Core Attack Chain,,Type H
Python_KeyLogger_Prototype,5,b01c9,<module>@KYLR.py_slice.py,SAME AS BEFORE,SAME AS BEFORE,,
Python_KeyLogger_Prototype,6,5289f,NEW@<module>@test.py_slice.py,Core Attack Chain,Full Attack Chain,H:no key stroke;Hallucination,Type H
Python_KeyLogger_Prototype,6,5289f,NEW@<module>@KYLR.py_slice.py,Full Attack Chain,Full Attack Chain,,Type H
Python_KeyLogger_Prototype,7,31447,<module>@KYLR.py_slice.py,SAME AS BEFORE,SAME AS BEFORE,,
Python_KeyLogger_Prototype,7,31447,<module>@test.py_slice.py,SAME AS BEFORE,SAME AS BEFORE,,
Python_KeyLogger_Prototype,8,f1be2,<module>@KYLR.py_slice.py,SAME AS BEFORE,SAME AS BEFORE,,
Python_KeyLogger_Prototype,8,f1be2,<module>@test.py_slice.py,SAME AS BEFORE,SAME AS BEFORE,,
Python_KeyLogger_Prototype,9,26dfd,<module>@test.py_slice.py,SAME AS BEFORE,SAME AS BEFORE,,
Python_KeyLogger_Prototype,9,26dfd,NEW@<module>@KYLR.py_slice.py,Full Attack Chain,Full Attack Chain,,Type H
Python_KeyLogger_Prototype,10,610e1,<module>@KYLR.py_slice.py,SAME AS BEFORE,SAME AS BEFORE,,
Python_KeyLogger_Prototype,10,610e1,<module>@test.py_slice.py,SAME AS BEFORE,SAME AS BEFORE,,
Python_KeyLogger_Prototype,11,bd512,<module>@KYLR.py_slice.py,SAME AS BEFORE,SAME AS BEFORE,,
Python_KeyLogger_Prototype,11,bd512,<module>@test.py_slice.py,SAME AS BEFORE,SAME AS BEFORE,,
Python_Malware,0,36e07,NEW@<body>@Client.py_slice.py,Core Attack Chain,Core Attack Chain,,Type B
Python_Malware,0,36e07,NEW@<module>@Client.py_slice.py,Full Attack Chain,Full Attack Chain,,Type B
Python_Malware,0,36e07,NEW@<body>@Malware.py_slice.py,Core Attack Chain,Core Attack Chain,,Type B
Python_Malware,0,36e07,NEW@<module>@Malware.py_slice.py,Full Attack Chain,Full Attack Chain,,Type B
Python_Malware,1,94282,NEW@<body>@Client.py_slice.py,Undetermined,Undetermined,,None
Python_Malware,1,94282,NEW@<module>@Client.py_slice.py,Full Attack Chain,Full Attack Chain,,Type B
Python_Malware,1,94282,NEW@<body>@Malware.py_slice.py,Core Attack Chain,Core Attack Chain,,Type B
Python_Malware,1,94282,NEW@<module>@Malware.py_slice.py,Full Attack Chain,Full Attack Chain,,Type B
Python_Malware,2,26ec6,NEW@<body>@Client.py_slice.py,Undetermined,Undetermined,,None
Python_Malware,2,26ec6,NEW@<module>@Client.py_slice.py,Full Attack Chain,Full Attack Chain,,Type B
Python_Malware,2,26ec6,NEW@<body>@Malware.py_slice.py,Core Attack Chain,Core Attack Chain,,Type B
Python_Malware,2,26ec6,NEW@<module>@Malware.py_slice.py,Full Attack Chain,Full Attack Chain,,Type B
Python_Malware,3,a9c9a,NEW@<body>@Client.py_slice.py,Undetermined,Undetermined,,None
Python_Malware,3,a9c9a,NEW@<module>@Client.py_slice.py,Full Attack Chain,Full Attack Chain,,Type B
Python_Malware,3,a9c9a,NEW@<body>@Malware.py_slice.py,Core Attack Chain,Core Attack Chain,,Type B
Python_Malware,3,a9c9a,NEW@<module>@Malware.py_slice.py,Full Attack Chain,Full Attack Chain,,Type B
Python_Malware,4,c2d9c,NEW@<body>@Client.py_slice.py,Core Attack Chain,Core Attack Chain,,Type B
Python_Malware,4,c2d9c,NEW@<module>@Client.py_slice.py,Full Attack Chain,Full Attack Chain,,Type B
Python_Malware,4,c2d9c,NEW@<body>@Malware.py_slice.py,Core Attack Chain,Core Attack Chain,,Type B
Python_Malware,4,c2d9c,NEW@<module>@Malware.py_slice.py,Full Attack Chain,Full Attack Chain,,Type B
Python_Malware,5,3d3a2,NEW@<body>@Client.py_slice.py,Core Attack Chain,Core Attack Chain,,Type B
Python_Malware,5,3d3a2,NEW@<module>@Client.py_slice.py,Full Attack Chain,Full Attack Chain,,Type B
Python_Malware,5,3d3a2,NEW@<module>@Malware.py_slice.py,Full Attack Chain,Full Attack Chain,,Type B
Python_Malware,6,be405,NEW@<body>@Client.py_slice.py,Core Attack Chain,Core Attack Chain,,Type B
Python_Malware,6,be405,NEW@<module>@Client.py_slice.py,Full Attack Chain,Full Attack Chain,,Type B
Python_Malware,6,be405,NEW@<module>@Malware.py_slice.py,Full Attack Chain,Full Attack Chain,,Type B
Python_Malware,7,fe6b8,NEW@<body>@Client.py_slice.py,Benign,Benign,,None
Python_Malware,7,fe6b8,NEW@<module>@Client.py_slice.py,Full Attack Chain,Full Attack Chain,,Type B
Python_Malware,7,fe6b8,NEW@<module>@Malware.py_slice.py,Full Attack Chain,Full Attack Chain,,Type B
Python_Malware,8,cd8a1,NEW@<body>@Client.py_slice.py,Core Attack Chain,Core Attack Chain,,Type B
Python_Malware,8,cd8a1,NEW@<module>@Client.py_slice.py,Full Attack Chain,Full Attack Chain,,Type B
Python_Malware,8,cd8a1,NEW@<module>@Malware.py_slice.py,Full Attack Chain,Full Attack Chain,,Type B
Python_Malware,9,e43f3,NEW@<body>@Client.py_slice.py,Undetermined,Undetermined,,None
Python_Malware,9,e43f3,NEW@<module>@Client.py_slice.py,Full Attack Chain,Full Attack Chain,,Type B
Python_Malware,9,e43f3,NEW@<module>@Malware.py_slice.py,Full Attack Chain,Full Attack Chain,,Type B
Python_Malware,10,1adc0,NEW@<body>@Client.py_slice.py,Benign,Benign,,None
Python_Malware,10,1adc0,NEW@<module>@Client.py_slice.py,Full Attack Chain,Full Attack Chain,,Type B
Python_Malware,10,1adc0,NEW@<module>@Malware.py_slice.py,Full Attack Chain,Full Attack Chain,,Type B
Python_Malware,11,8eb41,NEW@<body>@Client.py_slice.py,Benign,Benign,,None
Python_Malware,11,8eb41,NEW@<module>@Client.py_slice.py,Full Attack Chain,Full Attack Chain,,Type B
Python_Malware,11,8eb41,NEW@<module>@Malware.py_slice.py,Full Attack Chain,Full Attack Chain,,Type B
Python_Malware,12,678e6,NEW@<body>@Client.py_slice.py,Benign,Benign,,None
Python_Malware,12,678e6,NEW@<module>@Client.py_slice.py,Full Attack Chain,Full Attack Chain,,Type B
Python_Malware,12,678e6,NEW@<module>@Malware.py_slice.py,Full Attack Chain,Full Attack Chain,,Type B
Python_Malware,13,a2c9c,NEW@<body>@Client.py_slice.py,Benign,Benign,,None
Python_Malware,13,a2c9c,NEW@<module>@Client.py_slice.py,Full Attack Chain,Full Attack Chain,,Type B
Python_Malware,13,a2c9c,NEW@<module>@Malware.py_slice.py,Full Attack Chain,Full Attack Chain,,Type B
Python_Malware,14,1493b,NEW@<body>@Client.py_slice.py,Benign,Benign,,None
Python_Malware,14,1493b,NEW@<module>@Client.py_slice.py,Full Attack Chain,Full Attack Chain,,Type B
Python_Malware,14,1493b,NEW@<module>@Malware.py_slice.py,Full Attack Chain,Full Attack Chain,,Type B
Python_Malware,15,4bfde,NEW@<body>@Client.py_slice.py,Benign,Benign,,None
Python_Malware,15,4bfde,NEW@<module>@Client.py_slice.py,Full Attack Chain,Full Attack Chain,,Type B
Python_Malware,15,4bfde,NEW@<module>@Malware.py_slice.py,Full Attack Chain,Full Attack Chain,,Type B
Python_Malware,16,3b0f7,NEW@<body>@Client.py_slice.py,Benign,Benign,,None
Python_Malware,16,3b0f7,NEW@<module>@Client.py_slice.py,Full Attack Chain,Full Attack Chain,,Type B
Python_Malware,16,3b0f7,NEW@<module>@Malware.py_slice.py,Full Attack Chain,Full Attack Chain,,Type B
Python_Malware,17,a263f,NEW@<body>@Client.py_slice.py,Benign,Benign,,None
Python_Malware,17,a263f,NEW@<module>@Client.py_slice.py,Full Attack Chain,Full Attack Chain,,Type B
Python_Malware,17,a263f,NEW@<module>@Malware.py_slice.py,Full Attack Chain,Full Attack Chain,,Type B
Python_Malware,18,4dae7,NEW@<body>@Client.py_slice.py,Benign,Benign,,None
Python_Malware,18,4dae7,NEW@<module>@Client.py_slice.py,Full Attack Chain,Full Attack Chain,,Type B
Python_Malware,18,4dae7,NEW@<module>@Malware.py_slice.py,Full Attack Chain,Full Attack Chain,,Type B
Python_Malware,19,95e44,NEW@<body>@Client.py_slice.py,Benign,Benign,,None
Python_Malware,19,95e44,NEW@<module>@Client.py_slice.py,Full Attack Chain,Full Attack Chain,,Type B
Python_Malware,19,95e44,NEW@<module>@Malware.py_slice.py,Full Attack Chain,Full Attack Chain,,Type B
Python_Malware,20,c842d,NEW@<body>@Client.py_slice.py,Benign,Benign,,None
Python_Malware,20,c842d,NEW@<module>@Client.py_slice.py,Full Attack Chain,Full Attack Chain,,Type B
Python_Malware,20,c842d,NEW@<module>@Malware.py_slice.py,Full Attack Chain,Full Attack Chain,,Type B
Python_Malware,21,f1354,NEW@<body>@Client.py_slice.py,Benign,Benign,,None
Python_Malware,21,f1354,NEW@<module>@Client.py_slice.py,Full Attack Chain,Full Attack Chain,,Type B
Python_Malware,21,f1354,NEW@<module>@Malware.py_slice.py,Full Attack Chain,Full Attack Chain,,Type B
python-malware,0,08682,NEW@<module>@cam2.py_slice.py,Undetermined,Undetermined,,None
python-malware,0,08682,NEW@<module>@keylogger.py_slice.py,Core Attack Chain,Core Attack Chain,,Type H
python-malware,0,08682,NEW@<module>@app.py_slice.py,Benign,Benign,,None
python-malware,0,08682,NEW@<module>@my_request.py_slice.py,Undetermined,Undetermined,,None
python-malware,0,08682,NEW@<module>@cam.py_slice.py,Undetermined,Undetermined,,None
python-malware,0,08682,NEW@show@app.py_slice.py,Benign,Benign,,None
python-malware,1,bc042,<module>@my_request.py_slice.py,SAME AS BEFORE,SAME AS BEFORE,,
python-malware,1,bc042,NEW@<module>@sendmail.py_slice.py,Undetermined,Undetermined,,None
python-malware,1,bc042,<module>@app.py_slice.py,SAME AS BEFORE,SAME AS BEFORE,,
python-malware,1,bc042,<module>@keylogger.py_slice.py,SAME AS BEFORE,SAME AS BEFORE,,
python-malware,1,bc042,show@app.py_slice.py,SAME AS BEFORE,SAME AS BEFORE,,
python-malware,2,b6106,<module>@my_request.py_slice.py,SAME AS BEFORE,SAME AS BEFORE,,
python-malware,2,b6106,<module>@sendmail.py_slice.py,SAME AS BEFORE,SAME AS BEFORE,,
python-malware,2,b6106,<module>@app.py_slice.py,SAME AS BEFORE,SAME AS BEFORE,,
python-malware,2,b6106,<module>@keylogger.py_slice.py,SAME AS BEFORE,SAME AS BEFORE,,
python-malware,2,b6106,show@app.py_slice.py,SAME AS BEFORE,SAME AS BEFORE,,
python-malware,3,ce6d0,<module>@my_request.py_slice.py,SAME AS BEFORE,SAME AS BEFORE,,
python-malware,3,ce6d0,<module>@sendmail.py_slice.py,SAME AS BEFORE,SAME AS BEFORE,,
python-malware,3,ce6d0,<module>@app.py_slice.py,SAME AS BEFORE,SAME AS BEFORE,,
python-malware,3,ce6d0,show@app.py_slice.py,SAME AS BEFORE,SAME AS BEFORE,,
python-malware,4,1b7a0,<module>@my_request.py_slice.py,SAME AS BEFORE,SAME AS BEFORE,,
python-malware,4,1b7a0,NEW@<module>@main.py_slice.py,Undetermined,Undetermined,,None
python-malware,4,1b7a0,NEW@<module>@keylogger.py_slice.py,Core Attack Chain,Core Attack Chain,,Type H
python-malware,4,1b7a0,<module>@sendmail.py_slice.py,SAME AS BEFORE,SAME AS BEFORE,,
python-malware,4,1b7a0,<module>@app.py_slice.py,SAME AS BEFORE,SAME AS BEFORE,,
python-malware,4,1b7a0,show@app.py_slice.py,SAME AS BEFORE,SAME AS BEFORE,,
python-malware,5,28b65,<module>@my_request.py_slice.py,SAME AS BEFORE,SAME AS BEFORE,,
python-malware,5,28b65,<module>@main.py_slice.py,SAME AS BEFORE,SAME AS BEFORE,,
python-malware,5,28b65,NEW@<module>@sendmail.py_slice.py,Undetermined,Undetermined,,None
python-malware,5,28b65,<module>@app.py_slice.py,SAME AS BEFORE,SAME AS BEFORE,,
python-malware,5,28b65,<module>@keylogger.py_slice.py,SAME AS BEFORE,SAME AS BEFORE,,
python-malware,5,28b65,show@app.py_slice.py,SAME AS BEFORE,SAME AS BEFORE,,
python-malware,6,31a0c,<module>@my_request.py_slice.py,SAME AS BEFORE,SAME AS BEFORE,,
python-malware,6,31a0c,NEW@<module>@main.py_slice.py,Full Attack Chain,Core Attack Chain,slice extract unfully,Type H
python-malware,6,31a0c,<module>@sendmail.py_slice.py,SAME AS BEFORE,SAME AS BEFORE,,
python-malware,6,31a0c,NEW@<module>@mail_event.py_slice.py,Full Attack Chain,Full Attack Chain,,Type A
python-malware,6,31a0c,<module>@app.py_slice.py,SAME AS BEFORE,SAME AS BEFORE,,
python-malware,6,31a0c,<module>@keylogger.py_slice.py,SAME AS BEFORE,SAME AS BEFORE,,
python-malware,6,31a0c,show@app.py_slice.py,SAME AS BEFORE,SAME AS BEFORE,,
python-malware,7,09b46,<module>@my_request.py_slice.py,SAME AS BEFORE,SAME AS BEFORE,,
python-malware,7,09b46,NEW@<module>@main.py_slice.py,Full Attack Chain,Core Attack Chain,slice extract unfully,Type A
python-malware,7,09b46,<module>@sendmail.py_slice.py,SAME AS BEFORE,SAME AS BEFORE,,
python-malware,7,09b46,<module>@mail_event.py_slice.py,SAME AS BEFORE,SAME AS BEFORE,,
python-malware,7,09b46,<module>@app.py_slice.py,SAME AS BEFORE,SAME AS BEFORE,,
python-malware,7,09b46,<module>@keylogger.py_slice.py,SAME AS BEFORE,SAME AS BEFORE,,
python-malware,7,09b46,show@app.py_slice.py,SAME AS BEFORE,SAME AS BEFORE,,
python-malware,8,22dee,<module>@my_request.py_slice.py,SAME AS BEFORE,SAME AS BEFORE,,
python-malware,8,22dee,NEW@<module>@main.py_slice.py,Full Attack Chain,Core Attack Chain,slice extract unfully,Type A
python-malware,8,22dee,<module>@sendmail.py_slice.py,SAME AS BEFORE,SAME AS BEFORE,,
python-malware,8,22dee,<module>@mail_event.py_slice.py,SAME AS BEFORE,SAME AS BEFORE,,
python-malware,8,22dee,<module>@app.py_slice.py,SAME AS BEFORE,SAME AS BEFORE,,
python-malware,8,22dee,<module>@keylogger.py_slice.py,SAME AS BEFORE,SAME AS BEFORE,,
python-malware,8,22dee,show@app.py_slice.py,SAME AS BEFORE,SAME AS BEFORE,,
python-malware,9,2c321,<module>@my_request.py_slice.py,SAME AS BEFORE,SAME AS BEFORE,,
python-malware,9,2c321,<module>@main.py_slice.py,SAME AS BEFORE,SAME AS BEFORE,,
python-malware,9,2c321,NEW@<module>@keylogger.py_slice.py,Core Attack Chain,Core Attack Chain,,Type H
python-malware,9,2c321,<module>@sendmail.py_slice.py,SAME AS BEFORE,SAME AS BEFORE,,
python-malware,9,2c321,<module>@mail_event.py_slice.py,SAME AS BEFORE,SAME AS BEFORE,,
python-malware,9,2c321,<module>@app.py_slice.py,SAME AS BEFORE,SAME AS BEFORE,,
python-malware,9,2c321,show@app.py_slice.py,SAME AS BEFORE,SAME AS BEFORE,,
python-malware,10,a21dd,<module>@my_request.py_slice.py,SAME AS BEFORE,SAME AS BEFORE,,
python-malware,10,a21dd,<module>@main.py_slice.py,SAME AS BEFORE,SAME AS BEFORE,,
python-malware,10,a21dd,NEW@<module>@keylogger.py_slice.py,Core Attack Chain,Core Attack Chain,,Type H
python-malware,10,a21dd,<module>@sendmail.py_slice.py,SAME AS BEFORE,SAME AS BEFORE,,
python-malware,10,a21dd,<module>@mail_event.py_slice.py,SAME AS BEFORE,SAME AS BEFORE,,
python-malware,10,a21dd,<module>@app.py_slice.py,SAME AS BEFORE,SAME AS BEFORE,,
python-malware,10,a21dd,show@app.py_slice.py,SAME AS BEFORE,SAME AS BEFORE,,
python-malware,11,e70e9,<module>@my_request.py_slice.py,SAME AS BEFORE,SAME AS BEFORE,,
python-malware,11,e70e9,<module>@sendmail.py_slice.py,SAME AS BEFORE,SAME AS BEFORE,,
python-malware,11,e70e9,NEW@<module>@mail_event.py_slice.py,Full Attack Chain,Full Attack Chain,,Type A
python-malware,11,e70e9,<module>@app.py_slice.py,SAME AS BEFORE,SAME AS BEFORE,,
python-malware,11,e70e9,<module>@keylogger.py_slice.py,SAME AS BEFORE,SAME AS BEFORE,,
python-malware,11,e70e9,show@app.py_slice.py,SAME AS BEFORE,SAME AS BEFORE,,
python-malware,11,e70e9,NEW@<module>@mic_record.py_slice.py,Full Attack Chain,Full Attack Chain,,Type A
python-malware,12,7ac43,<module>@my_request.py_slice.py,SAME AS BEFORE,SAME AS BEFORE,,
python-malware,12,7ac43,<module>@sendmail.py_slice.py,SAME AS BEFORE,SAME AS BEFORE,,
python-malware,12,7ac43,<module>@mail_event.py_slice.py,SAME AS BEFORE,SAME AS BEFORE,,
python-malware,12,7ac43,<module>@app.py_slice.py,SAME AS BEFORE,SAME AS BEFORE,,
python-malware,12,7ac43,<module>@mic_record.py_slice.py,SAME AS BEFORE,SAME AS BEFORE,,
python-malware,12,7ac43,show@app.py_slice.py,SAME AS BEFORE,SAME AS BEFORE,,
python-malware,13,ad12d,<module>@my_request.py_slice.py,SAME AS BEFORE,SAME AS BEFORE,,
python-malware,13,ad12d,NEW@<module>@keylogger.py_slice.py,Core Attack Chain,Core Attack Chain,,Type H
python-malware,13,ad12d,<module>@sendmail.py_slice.py,SAME AS BEFORE,SAME AS BEFORE,,
python-malware,13,ad12d,<module>@mail_event.py_slice.py,SAME AS BEFORE,SAME AS BEFORE,,
python-malware,13,ad12d,<module>@app.py_slice.py,SAME AS BEFORE,SAME AS BEFORE,,
python-malware,13,ad12d,<module>@mic_record.py_slice.py,SAME AS BEFORE,SAME AS BEFORE,,
python-malware,13,ad12d,show@app.py_slice.py,SAME AS BEFORE,SAME AS BEFORE,,
python-malware,14,0c40b,<module>@my_request.py_slice.py,SAME AS BEFORE,SAME AS BEFORE,,
python-malware,14,0c40b,<module>@sendmail.py_slice.py,SAME AS BEFORE,SAME AS BEFORE,,
python-malware,14,0c40b,<module>@mail_event.py_slice.py,SAME AS BEFORE,SAME AS BEFORE,,
python-malware,14,0c40b,NEW@show@server.py_slice.py,Benign,Benign,,None
python-malware,14,0c40b,NEW@<module>@clipboard_event.py_slice.py,Full Attack Chain,Full Attack Chain,,Type A
python-malware,14,0c40b,<module>@keylogger.py_slice.py,SAME AS BEFORE,SAME AS BEFORE,,
python-malware,14,0c40b,<module>@mic_record.py_slice.py,SAME AS BEFORE,SAME AS BEFORE,,
python-malware,14,0c40b,NEW@<module>@server.py_slice.py,Benign,Benign,,None
Python-malware-example,0,ea34d,NEW@<module>@menu.py_slice.py,Benign,Benign,,None
Python-malware-example,2,1901b,NEW@<module>@PME.py_slice.py,Full Attack Chain,Full Attack Chain,,Type B
Python-malware-example,3,9a575,NEW@<body>@C2.py_slice.py,Core Attack Chain,Core Attack Chain,,Type B
Python-malware-example,3,9a575,<module>@PME.py_slice.py,SAME AS BEFORE,SAME AS BEFORE,,
python-malware1/python-malware,0,0dd59,NEW@<module>@alerta.py_slice.py,Full Attack Chain,Full Attack Chain,,Type K
python-malware1/python-malware,1,e495f,NEW@<module>@alerta.py_slice.py,Full Attack Chain,Full Attack Chain,,Type K
python-malware1/python-malware,2,f5700,NEW@<module>@alerta.py_slice.py,Full Attack Chain,Full Attack Chain,,Type K
python-malware1/python-malware,3,57b61,NEW@<module>@script.py_slice.py,Full Attack Chain,Full Attack Chain,,Type K
python-malware1/python-malware,3,57b61,<module>@alerta.py_slice.py,SAME AS BEFORE,SAME AS BEFORE,,
python-malware1/python-malware,4,ffc0c,<module>@script.py_slice.py,SAME AS BEFORE,SAME AS BEFORE,,
python-malware1/python-malware,5,820a3,<module>@script.py_slice.py,SAME AS BEFORE,SAME AS BEFORE,,
python-malware1/python-malware,6,7c0ab,<module>@script.py_slice.py,SAME AS BEFORE,SAME AS BEFORE,,
python-malware1/python-malware,7,f4a32,<module>@script.py_slice.py,SAME AS BEFORE,SAME AS BEFORE,,
python-malware1/python-malware,8,29566,<module>@script.py_slice.py,SAME AS BEFORE,SAME AS BEFORE,,
python-malware1/python-malware,9,40420,<module>@script.py_slice.py,SAME AS BEFORE,SAME AS BEFORE,,
python-malware1/python-malware,10,02d90,NEW@<module>@script.py_slice.py,Full Attack Chain,Full Attack Chain,,Type K
python-malware1/python-malware,11,a8b81,NEW@<module>@script.py_slice.py,Full Attack Chain,Full Attack Chain,,Type K
python-malware2/python-malware,0,b26c0,NEW@<module>@main.py_slice.py,Core Attack Chain,Core Attack Chain,,Type A
python-malware2/python-malware,1,4bd71,NEW@<module>@main.py_slice.py,Core Attack Chain,Core Attack Chain,,Type A
python-malware3/python-malware,0,d3a15,NEW@<module>@listfile.py_slice.py,Benign,Benign,,None
python-malware3/python-malware,0,d3a15,NEW@<module>@clienttest.py_slice.py,Undetermined,Undetermined,,None
python-malware3/python-malware,0,d3a15,NEW@<module>@servermalware.py_slice.py,Core Attack Chain,Core Attack Chain,,Type B
python-malware3/python-malware,0,d3a15,NEW@<module>@rsa.py_slice.py,Benign,Benign,,None
python-malware3/python-malware,0,d3a15,NEW@<module>@action.py_slice.py,Core Attack Chain,Core Attack Chain,,Type B
python-malware3/python-malware,1,15c73,<module>@action.py_slice.py,SAME AS BEFORE,SAME AS BEFORE,,
python-malware3/python-malware,1,15c73,<module>@rsa.py_slice.py,SAME AS BEFORE,SAME AS BEFORE,,
python-malware3/python-malware,1,15c73,<module>@listfile.py_slice.py,SAME AS BEFORE,SAME AS BEFORE,,
python-malware3/python-malware,1,15c73,<module>@servermalware.py_slice.py,SAME AS BEFORE,SAME AS BEFORE,,
python-malware3/python-malware,1,15c73,NEW@<module>@encrypt.py_slice.py,Benign,Benign,,None
python-malware3/python-malware,1,15c73,<module>@clienttest.py_slice.py,SAME AS BEFORE,SAME AS BEFORE,,
python-malware3/python-malware,2,850c8,NEW@<module>@clienttest.py_slice.py,Core Attack Chain,Core Attack Chain,,Type C
python-malware3/python-malware,2,850c8,<module>@action.py_slice.py,SAME AS BEFORE,SAME AS BEFORE,,
python-malware3/python-malware,2,850c8,NEW@<module>@servermalware.py_slice.py,Core Attack Chain,Core Attack Chain,,Type B
python-malware3/python-malware,2,850c8,<module>@encrypt.py_slice.py,SAME AS BEFORE,SAME AS BEFORE,,
python-malware3/python-malware,2,850c8,<module>@listfile.py_slice.py,SAME AS BEFORE,SAME AS BEFORE,,
python-malware3/python-malware,2,850c8,NEW@<module>@rsa.py_slice.py,Benign,Benign,,None
python-malware3/python-malware,3,8574a,NEW@<module>@listfile.py_slice.py,Benign,Benign,,None
python-malware3/python-malware,3,8574a,NEW@<module>@clienttest.py_slice.py,Core Attack Chain,Core Attack Chain,,Type C
python-malware3/python-malware,3,8574a,<module>@action.py_slice.py,SAME AS BEFORE,SAME AS BEFORE,,
python-malware3/python-malware,3,8574a,<module>@rsa.py_slice.py,SAME AS BEFORE,SAME AS BEFORE,,
python-malware3/python-malware,3,8574a,<module>@encrypt.py_slice.py,SAME AS BEFORE,SAME AS BEFORE,,
python-malware3/python-malware,3,8574a,<module>@servermalware.py_slice.py,SAME AS BEFORE,SAME AS BEFORE,,
python-malware3/python-malware,4,dd22c,NEW@<module>@clienttest.py_slice.py,Core Attack Chain,Core Attack Chain,,Type C
python-malware3/python-malware,4,dd22c,<module>@action.py_slice.py,SAME AS BEFORE,SAME AS BEFORE,,
python-malware3/python-malware,4,dd22c,NEW@<module>@servermalware.py_slice.py,Core Attack Chain,Core Attack Chain,,Type B
python-malware3/python-malware,4,dd22c,<module>@rsa.py_slice.py,SAME AS BEFORE,SAME AS BEFORE,,
python-malware3/python-malware,4,dd22c,<module>@encrypt.py_slice.py,SAME AS BEFORE,SAME AS BEFORE,,
python-malware3/python-malware,4,dd22c,<module>@listfile.py_slice.py,SAME AS BEFORE,SAME AS BEFORE,,
python-malware3/python-malware,5,40fae,<module>@action.py_slice.py,SAME AS BEFORE,SAME AS BEFORE,,
python-malware3/python-malware,5,40fae,<module>@rsa.py_slice.py,SAME AS BEFORE,SAME AS BEFORE,,
python-malware3/python-malware,5,40fae,<module>@encrypt.py_slice.py,SAME AS BEFORE,SAME AS BEFORE,,
python-malware3/python-malware,5,40fae,<module>@listfile.py_slice.py,SAME AS BEFORE,SAME AS BEFORE,,
python-malware3/python-malware,5,40fae,<module>@servermalware.py_slice.py,SAME AS BEFORE,SAME AS BEFORE,,
python-malware3/python-malware,5,40fae,<module>@clienttest.py_slice.py,SAME AS BEFORE,SAME AS BEFORE,,
python-malware3/python-malware,6,10f0a,NEW@<module>@dos.py_slice.py,Full Attack Chain,Full Attack Chain,,Type M
python-malware3/python-malware,6,10f0a,<module>@action.py_slice.py,SAME AS BEFORE,SAME AS BEFORE,,
python-malware3/python-malware,6,10f0a,<module>@rsa.py_slice.py,SAME AS BEFORE,SAME AS BEFORE,,
python-malware3/python-malware,6,10f0a,<module>@encrypt.py_slice.py,SAME AS BEFORE,SAME AS BEFORE,,
python-malware3/python-malware,6,10f0a,<module>@listfile.py_slice.py,SAME AS BEFORE,SAME AS BEFORE,,
python-malware3/python-malware,6,10f0a,<module>@servermalware.py_slice.py,SAME AS BEFORE,SAME AS BEFORE,,
python-malware3/python-malware,6,10f0a,<module>@clienttest.py_slice.py,SAME AS BEFORE,SAME AS BEFORE,,
python-malware3/python-malware,7,64c74,NEW@<module>@clienttest.py_slice.py,Full Attack Chain,Full Attack Chain,,Type B
python-malware3/python-malware,7,64c74,<module>@action.py_slice.py,SAME AS BEFORE,SAME AS BEFORE,,
python-malware3/python-malware,7,64c74,<module>@rsa.py_slice.py,SAME AS BEFORE,SAME AS BEFORE,,
python-malware3/python-malware,7,64c74,<module>@encrypt.py_slice.py,SAME AS BEFORE,SAME AS BEFORE,,
python-malware3/python-malware,7,64c74,<module>@listfile.py_slice.py,SAME AS BEFORE,SAME AS BEFORE,,
python-malware3/python-malware,7,64c74,<module>@servermalware.py_slice.py,SAME AS BEFORE,SAME AS BEFORE,,
python-malware3/python-malware,7,64c74,<module>@dos.py_slice.py,SAME AS BEFORE,SAME AS BEFORE,,
python-malware3/python-malware,8,cf1b7,<module>@action.py_slice.py,SAME AS BEFORE,SAME AS BEFORE,,
python-malware3/python-malware,8,cf1b7,<module>@rsa.py_slice.py,SAME AS BEFORE,SAME AS BEFORE,,
python-malware3/python-malware,8,cf1b7,<module>@encrypt.py_slice.py,SAME AS BEFORE,SAME AS BEFORE,,
python-malware3/python-malware,8,cf1b7,<module>@listfile.py_slice.py,SAME AS BEFORE,SAME AS BEFORE,,
python-malware3/python-malware,8,cf1b7,<module>@servermalware.py_slice.py,SAME AS BEFORE,SAME AS BEFORE,,
python-malware3/python-malware,8,cf1b7,<module>@clienttest.py_slice.py,SAME AS BEFORE,SAME AS BEFORE,,
python-malware3/python-malware,8,cf1b7,<module>@dos.py_slice.py,SAME AS BEFORE,SAME AS BEFORE,,
python-malware3/python-malware,9,77145,NEW@<module>@tools_dos.py_slice.py,Full Attack Chain,Full Attack Chain,,Type M
python-malware3/python-malware,9,77145,NEW@<module>@tools_rsa.py_slice.py,Benign,Benign,,None
python-malware3/python-malware,9,77145,NEW@<module>@server_action.py_slice.py,Core Attack Chain,Core Attack Chain,,Type B
python-malware3/python-malware,9,77145,NEW@<module>@server_servermalware.py_slice.py,Core Attack Chain,Core Attack Chain,,Type B
python-malware3/python-malware,9,77145,NEW@<module>@client_client.py_slice.py,Full Attack Chain,Full Attack Chain,,Type B
python-malware3/python-malware,9,77145,NEW@<module>@tools_listfile.py_slice.py,Benign,Benign,,None
python-malware3/python-malware,10,ad449,<module>@tools_dos.py_slice.py,SAME AS BEFORE,SAME AS BEFORE,,
python-malware3/python-malware,10,ad449,NEW@<module>@tools_persistance.py_slice.py,Full Attack Chain,Full Attack Chain,,Type M
python-malware3/python-malware,10,ad449,<module>@tools_rsa.py_slice.py,SAME AS BEFORE,SAME AS BEFORE,,
python-malware3/python-malware,10,ad449,<module>@tools_listfile.py_slice.py,SAME AS BEFORE,SAME AS BEFORE,,
python-malware3/python-malware,10,ad449,<module>@server_action.py_slice.py,SAME AS BEFORE,SAME AS BEFORE,,
python-malware3/python-malware,10,ad449,NEW@<module>@client_client.py_slice.py,Full Attack Chain,Full Attack Chain,,Type B
python-malware3/python-malware,10,ad449,<module>@server_servermalware.py_slice.py,SAME AS BEFORE,SAME AS BEFORE,,
Python-ransomware,0,b99a2,NEW@<module>@myransomware.py_slice.py,Benign,Benign,,None
Python-ransomware,0,b99a2,NEW@<body>@encrypt_file.py_slice.py,Benign,Benign,,None
Python-ransomware,1,3cc49,NEW@<module>@myransomware.py_slice.py,Core Attack Chain,Core Attack Chain,,Type C
Python-ransomware,1,3cc49,NEW@<body>@encrypt_file.py_slice.py,Benign,Benign,,None
Python-ransomware,2,51e7c,NEW@<module>@myransomware.py_slice.py,Core Attack Chain,Core Attack Chain,,Type C
Python-ransomware,2,51e7c,NEW@<body>@encrypt_file.py_slice.py,Benign,Benign,,None
Python-ransomware,3,66f40,NEW@<module>@myransomware.py_slice.py,Core Attack Chain,Core Attack Chain,,Type C
Python-ransomware,3,66f40,NEW@<body>@encrypt_file.py_slice.py,Benign,Benign,,None
Python-ransomware,4,baf83,NEW@<module>@myransomware.py_slice.py,Core Attack Chain,Core Attack Chain,,Type C
Python-ransomware,4,baf83,NEW@<body>@encrypt_file.py_slice.py,Undetermined,Undetermined,,None
Python-ransomware,5,517ce,NEW@<module>@myransomware.py_slice.py,Core Attack Chain,Core Attack Chain,,Type C
Python-ransomware,5,517ce,<body>@encrypt_file.py_slice.py,SAME AS BEFORE,SAME AS BEFORE,,
Python-ransomware,5,517ce,NEW@<module>@files_finder.py_slice.py,Undetermined,Undetermined,,None
Python-ransomware,6,eb661,NEW@<module>@myransomware.py_slice.py,Core Attack Chain,Core Attack Chain,,Type C
Python-ransomware,6,eb661,<body>@encrypt_file.py_slice.py,SAME AS BEFORE,SAME AS BEFORE,,
Python-ransomware,6,eb661,NEW@<module>@files_finder.py_slice.py,Undetermined,Undetermined,,Type C
Python-ransomware,7,a9616,NEW@<module>@myransomware.py_slice.py,Core Attack Chain,Core Attack Chain,,Type C
Python-ransomware,7,a9616,NEW@<module>@files_finder.py_slice.py,Undetermined,Undetermined,,None
Python-ransomware,7,a9616,NEW@<body>@encrypt_file.py_slice.py,Benign,Benign,,None
Python-RAT,0,fc9a2,NEW@<body>@Listen.py_slice.py,Core Attack Chain,Core Attack Chain,,Type B
Python-RAT,0,fc9a2,NEW@<module>@client.py_slice.py,Full Attack Chain,Full Attack Chain,,Type B
Python-RAT,0,fc9a2,NEW@<module>@Listen.py_slice.py,Full Attack Chain,Full Attack Chain,,Type B
Python-RAT,1,8b6ec,<module>@client.py_slice.py,SAME AS BEFORE,SAME AS BEFORE,,
Python-RAT,1,8b6ec,NEW@<body>@Listen.py_slice.py,Core Attack Chain,Core Attack Chain,,Type B
Python-RAT,1,8b6ec,NEW@<module>@Listen.py_slice.py,Full Attack Chain,Full Attack Chain,,Type B
Python-RAT,2,984ea,<body>@Listen.py_slice.py,SAME AS BEFORE,SAME AS BEFORE,,
Python-RAT,2,984ea,<module>@client.py_slice.py,SAME AS BEFORE,SAME AS BEFORE,,
Python-RAT,2,984ea,<module>@Listen.py_slice.py,SAME AS BEFORE,SAME AS BEFORE,,
Python-RAT,3,89d84,<module>@client.py_slice.py,SAME AS BEFORE,SAME AS BEFORE,,
Python-RAT,3,89d84,NEW@<module>@Listen.py_slice.py,Full Attack Chain,Full Attack Chain,,Type B
Python-RAT,4,ef1a1,NEW@<module>@client.py_slice.py,Full Attack Chain,Full Attack Chain,,Type B
Python-RAT,4,ef1a1,NEW@<module>@Listen.py_slice.py,Full Attack Chain,Full Attack Chain,,Type B
Python-RAT,5,1af1d,NEW@<module>@client.py_slice.py,Full Attack Chain,Full Attack Chain,,Type B
Python-RAT,5,1af1d,NEW@<module>@Listen.py_slice.py,Full Attack Chain,Full Attack Chain,,Type B
Python-RAT,6,c9dc7,NEW@<module>@client.py_slice.py,Full Attack Chain,Full Attack Chain,,Type B
Python-RAT,6,c9dc7,NEW@<module>@Listen.py_slice.py,Full Attack Chain,Full Attack Chain,,Type B
Python-RAT,7,28d2c,NEW@<module>@client.py_slice.py,Full Attack Chain,Full Attack Chain,,Type B
Python-RAT,7,28d2c,<module>@Listen.py_slice.py,SAME AS BEFORE,SAME AS BEFORE,,
Python-RAT,8,de5ad,<module>@client.py_slice.py,SAME AS BEFORE,SAME AS BEFORE,,
Python-RAT,8,de5ad,NEW@<module>@Listen.py_slice.py,Full Attack Chain,Full Attack Chain,,Type B
Python-RAT,9,8a098,NEW@<module>@client.py_slice.py,Full Attack Chain,Full Attack Chain,,Type B
Python-RAT,9,8a098,<module>@Listen.py_slice.py,SAME AS BEFORE,SAME AS BEFORE,,
Python-RAT,10,70244,NEW@<module>@client.py_slice.py,Full Attack Chain,Full Attack Chain,,Type B
Python-RAT,10,70244,<module>@Listen.py_slice.py,SAME AS BEFORE,SAME AS BEFORE,,
Python-RAT,11,6753e,<module>@client.py_slice.py,SAME AS BEFORE,SAME AS BEFORE,,
Python-RAT,11,6753e,NEW@<module>@Listen.py_slice.py,Full Attack Chain,Full Attack Chain,,Type B
Python-RAT,12,fd75a,NEW@<module>@client.py_slice.py,Full Attack Chain,Full Attack Chain,,Type B
Python-RAT,12,fd75a,<module>@Listen.py_slice.py,SAME AS BEFORE,SAME AS BEFORE,,
Python-RAT,13,2e9e3,NEW@<module>@client.py_slice.py,Full Attack Chain,Full Attack Chain,,Type B
Python-RAT,13,2e9e3,<module>@Listen.py_slice.py,SAME AS BEFORE,SAME AS BEFORE,,
Python-RAT,14,0f259,NEW@<module>@client.py_slice.py,Full Attack Chain,Full Attack Chain,,Type B
Python-RAT,14,0f259,<module>@Listen.py_slice.py,SAME AS BEFORE,SAME AS BEFORE,,
Python-RAT,15,90b45,NEW@<module>@client.py_slice.py,Full Attack Chain,Full Attack Chain,,Type B
Python-RAT,15,90b45,<module>@Listen.py_slice.py,SAME AS BEFORE,SAME AS BEFORE,,
Python-RAT,16,a6753,NEW@<module>@keylogger.py_slice.py,Core Attack Chain,Core Attack Chain,,Type H
Python-RAT,16,a6753,<module>@client.py_slice.py,SAME AS BEFORE,SAME AS BEFORE,,
Python-RAT,16,a6753,<module>@Listen.py_slice.py,SAME AS BEFORE,SAME AS BEFORE,,
Python-RAT,17,cd427,NEW@<module>@keylogger.py_slice.py,Core Attack Chain,Core Attack Chain,,Type H
Python-RAT,17,cd427,<module>@client.py_slice.py,SAME AS BEFORE,SAME AS BEFORE,,
Python-RAT,17,cd427,<module>@Listen.py_slice.py,SAME AS BEFORE,SAME AS BEFORE,,
Python-RAT,18,36c31,NEW@<module>@keylogger.py_slice.py,Core Attack Chain,Core Attack Chain,,Type H
Python-RAT,18,36c31,NEW@<module>@client.py_slice.py,Full Attack Chain,Full Attack Chain,,Type B
Python-RAT,18,36c31,<module>@Listen.py_slice.py,SAME AS BEFORE,SAME AS BEFORE,,
Python-RAT,19,32a21,NEW@<module>@client.py_slice.py,Full Attack Chain,Full Attack Chain,,Type B
Python-RAT,19,32a21,<module>@keylogger.py_slice.py,SAME AS BEFORE,SAME AS BEFORE,,
Python-RAT,19,32a21,NEW@<module>@Listen.py_slice.py,Full Attack Chain,Full Attack Chain,,Type B
Python-RAT,20,72609,NEW@<module>@client.py_slice.py,Full Attack Chain,Full Attack Chain,,Type B
Python-RAT,20,72609,<module>@keylogger.py_slice.py,SAME AS BEFORE,SAME AS BEFORE,,
Python-RAT,20,72609,<module>@Listen.py_slice.py,SAME AS BEFORE,SAME AS BEFORE,,
Python-RAT,21,ac63b,NEW@<module>@client.py_slice.py,Full Attack Chain,Full Attack Chain,,Type B
Python-RAT,21,ac63b,<module>@keylogger.py_slice.py,SAME AS BEFORE,SAME AS BEFORE,,
Python-RAT,21,ac63b,<module>@Listen.py_slice.py,SAME AS BEFORE,SAME AS BEFORE,,
Python-RAT,22,43d35,NEW@<module>@client.py_slice.py,Full Attack Chain,Full Attack Chain,,Type B
Python-RAT,22,43d35,<module>@keylogger.py_slice.py,SAME AS BEFORE,SAME AS BEFORE,,
Python-RAT,22,43d35,<module>@Listen.py_slice.py,SAME AS BEFORE,SAME AS BEFORE,,
Python-RAT,23,fd5ff,NEW@<module>@client.py_slice.py,Full Attack Chain,Full Attack Chain,,Type B
Python-RAT,23,fd5ff,<module>@keylogger.py_slice.py,SAME AS BEFORE,SAME AS BEFORE,,
Python-RAT,23,fd5ff,NEW@<module>@Listen.py_slice.py,Full Attack Chain,Full Attack Chain,,Type B
Python-RAT,24,8718d,NEW@<module>@client.py_slice.py,Full Attack Chain,Full Attack Chain,,Type B
Python-RAT,24,8718d,<module>@keylogger.py_slice.py,SAME AS BEFORE,SAME AS BEFORE,,
Python-RAT,24,8718d,<module>@Listen.py_slice.py,SAME AS BEFORE,SAME AS BEFORE,,
Python-RAT,25,069e1,NEW@<module>@client.py_slice.py,Full Attack Chain,Full Attack Chain,,Type B
Python-RAT,25,069e1,<module>@keylogger.py_slice.py,SAME AS BEFORE,SAME AS BEFORE,,
Python-RAT,25,069e1,NEW@<module>@Listen.py_slice.py,Full Attack Chain,Full Attack Chain,,Type B
Python-RAT,26,be4c1,NEW@<module>@client.py_slice.py,Full Attack Chain,Full Attack Chain,,Type B
Python-RAT,26,be4c1,<module>@keylogger.py_slice.py,SAME AS BEFORE,SAME AS BEFORE,,
Python-RAT,26,be4c1,<module>@Listen.py_slice.py,SAME AS BEFORE,SAME AS BEFORE,,
Python-RAT,27,aece9,NEW@<module>@client.py_slice.py,Full Attack Chain,Full Attack Chain,,Type B
Python-RAT,27,aece9,<module>@Listen.py_slice.py,SAME AS BEFORE,SAME AS BEFORE,,
Python-RAT,28,77726,NEW@<module>@client.py_slice.py,Full Attack Chain,Full Attack Chain,,Type B
Python-RAT,28,77726,<module>@Listen.py_slice.py,SAME AS BEFORE,SAME AS BEFORE,,
Python-RAT,29,a6337,NEW@<module>@client.py_slice.py,Full Attack Chain,Full Attack Chain,,Type B
Python-RAT,29,a6337,<module>@Listen.py_slice.py,SAME AS BEFORE,SAME AS BEFORE,,
Python-RAT,30,2f3f7,NEW@<module>@client.py_slice.py,Full Attack Chain,Full Attack Chain,,Type B
Python-RAT,30,2f3f7,<module>@Listen.py_slice.py,SAME AS BEFORE,SAME AS BEFORE,,
Python-RAT,31,e1596,NEW@<module>@client.py_slice.py,Full Attack Chain,Full Attack Chain,,Type B
Python-RAT,31,e1596,<module>@Listen.py_slice.py,SAME AS BEFORE,SAME AS BEFORE,,
Python-RAT,32,60c5f,NEW@<module>@client.py_slice.py,Full Attack Chain,Full Attack Chain,,Type B
Python-RAT,32,60c5f,<module>@Listen.py_slice.py,SAME AS BEFORE,SAME AS BEFORE,,
Python-RAT,33,b7d26,NEW@<module>@client.py_slice.py,Full Attack Chain,Full Attack Chain,,Type B
Python-RAT,33,b7d26,<module>@Listen.py_slice.py,SAME AS BEFORE,SAME AS BEFORE,,
Python-RAT,34,dc08e,NEW@<module>@client.py_slice.py,Full Attack Chain,Full Attack Chain,,Type B
Python-RAT,34,dc08e,NEW@<module>@Listen.py_slice.py,Full Attack Chain,Full Attack Chain,,Type B
Python-RAT,35,be056,NEW@<module>@client.py_slice.py,Full Attack Chain,Full Attack Chain,,Type B
Python-RAT,35,be056,<module>@Listen.py_slice.py,SAME AS BEFORE,SAME AS BEFORE,,
Python-RAT,36,41d0a,NEW@<module>@client.py_slice.py,Full Attack Chain,Full Attack Chain,,Type B
Python-RAT,36,41d0a,<module>@Listen.py_slice.py,SAME AS BEFORE,SAME AS BEFORE,,
Python-RAT,37,0f254,NEW@<module>@client.py_slice.py,Full Attack Chain,Full Attack Chain,,Type B
Python-RAT,37,0f254,<module>@Listen.py_slice.py,SAME AS BEFORE,SAME AS BEFORE,,
Python-RAT,38,04773,NEW@<module>@findPrivateIP.py_slice.py,Benign,Benign,,None
Python-RAT,38,04773,NEW@<module>@client.py_slice.py,Full Attack Chain,Full Attack Chain,,Type B
Python-RAT,38,04773,<module>@Listen.py_slice.py,SAME AS BEFORE,SAME AS BEFORE,,
Python-Rootkit,0,49706,NEW@<module>@source_source.py_slice.py,Full Attack Chain,Full Attack Chain,,Type B
Python-Rootkit,0,49706,NEW@<module>@source_encodeSource.py_slice.py,Undetermined,Undetermined,,None
Python-Rootkit,1,4a56f,<module>@source_source.py_slice.py,SAME AS BEFORE,SAME AS BEFORE,,
Python-Rootkit,1,4a56f,<module>@source_encodeSource.py_slice.py,SAME AS BEFORE,SAME AS BEFORE,,
Python-Rootkit,2,d1655,<module>@source_source.py_slice.py,SAME AS BEFORE,SAME AS BEFORE,,
Python-Rootkit,2,d1655,<module>@source_encodeSource.py_slice.py,SAME AS BEFORE,SAME AS BEFORE,,
Python-Rootkit,2,d1655,NEW@<module>@source_downloadFile.py_slice.py,Core Attack Chain,Core Attack Chain,,Type J
Python-Rootkit,3,49613,<module>@source_source.py_slice.py,SAME AS BEFORE,SAME AS BEFORE,,
Python-Rootkit,3,49613,<module>@source_encodeSource.py_slice.py,SAME AS BEFORE,SAME AS BEFORE,,
Python-Rootkit,3,49613,NEW@<module>@source_downloadFile.py_slice.py,Core Attack Chain,Core Attack Chain,,Type J
Python-Rootkit,4,0d4ec,<module>@source_source.py_slice.py,SAME AS BEFORE,SAME AS BEFORE,,
Python-Rootkit,4,0d4ec,<module>@source_encodeSource.py_slice.py,SAME AS BEFORE,SAME AS BEFORE,,
Python-Rootkit,4,0d4ec,NEW@<module>@source_downloadFile.py_slice.py,Core Attack Chain,Core Attack Chain,,Type J
Python-Rootkit,5,f9a5c,<module>@source_source.py_slice.py,SAME AS BEFORE,SAME AS BEFORE,,
Python-Rootkit,5,f9a5c,NEW@<module>@source_encodeSource.py_slice.py,Undetermined,Undetermined,,None
Python-Rootkit,5,f9a5c,<module>@source_downloadFile.py_slice.py,SAME AS BEFORE,SAME AS BEFORE,,
Python-Rootkit,6,83d74,NEW@<module>@source_viRu5_source.py_slice.py,Full Attack Chain,Full Attack Chain,,Type B
Python-Rootkit,6,83d74,NEW@<module>@source_r0d_source.py_slice.py,Full Attack Chain,Full Attack Chain,,Type J
Python-Rootkit,6,83d74,NEW@<module>@source_r0d_encodeSource.py_slice.py,Undetermined,Undetermined,,None
Python-Rootkit,6,83d74,NEW@<module>@source_viRu5_encodeSource.py_slice.py,Undetermined,Undetermined,,None
Python-Rootkit,7,4f617,<module>@source_viRu5_source.py_slice.py,SAME AS BEFORE,SAME AS BEFORE,,
Python-Rootkit,7,4f617,NEW@<module>@source_h00k_encodeSource.py_slice.py,Undetermined,Undetermined,,None
Python-Rootkit,7,4f617,NEW@<module>@source_h00k_source.py_slice.py,Full Attack Chain,Full Attack Chain,,Type J
Python-Rootkit,7,4f617,<module>@source_viRu5_encodeSource.py_slice.py,SAME AS BEFORE,SAME AS BEFORE,,
Python-Rootkit,8,06c25,NEW@<module>@viRu5_source.py_slice.py,Full Attack Chain,Full Attack Chain,,Type B
Python-Rootkit,8,06c25,NEW@<module>@h00k_encodeSource.py_slice.py,Undetermined,Undetermined,,None
Python-Rootkit,8,06c25,NEW@<module>@h00k_source.py_slice.py,Full Attack Chain,Full Attack Chain,,Type J
Python-Rootkit,8,06c25,NEW@<module>@viRu5_encodeSource.py_slice.py,Undetermined,Undetermined,,None
Python-Rootkit,9,a93e9,NEW@<module>@viRu5_source.py_slice.py,Full Attack Chain,Full Attack Chain,,Type B
Python-Rootkit,9,a93e9,<module>@h00k_encodeSource.py_slice.py,SAME AS BEFORE,SAME AS BEFORE,,
Python-Rootkit,9,a93e9,NEW@<module>@h00k_source.py_slice.py,Full Attack Chain,Full Attack Chain,,Type J
Python-Rootkit,9,a93e9,<module>@viRu5_encodeSource.py_slice.py,SAME AS BEFORE,SAME AS BEFORE,,
Python-Rootkit,10,0c7c9,<module>@h00k_encodeSource.py_slice.py,SAME AS BEFORE,SAME AS BEFORE,,
Python-Rootkit,10,0c7c9,<module>@viRu5_source.py_slice.py,SAME AS BEFORE,SAME AS BEFORE,,
Python-Rootkit,10,0c7c9,NEW@<module>@viRu5_encodeSource.py_slice.py,Undetermined,Undetermined,,None
Python-Rootkit,10,0c7c9,<module>@h00k_source.py_slice.py,SAME AS BEFORE,SAME AS BEFORE,,
Python-Trojan,1,b2089,NEW@<module>@main.py_slice.py,Undetermined,Undetermined,,None
Python-Trojan,2,44b19,NEW@<module>@main.py_slice.py,Undetermined,Undetermined,,None
Python-Trojan,3,94f78,NEW@<module>@main.py_slice.py,Undetermined,Undetermined,,None
Python-Trojan,4,f101c,<module>@main.py_slice.py,SAME AS BEFORE,SAME AS BEFORE,,
Python-Trojan,5,46687,NEW@<module>@main.py_slice.py,Undetermined,Undetermined,,None
Python-Trojan,6,f2c0d,NEW@<module>@main.py_slice.py,Full Attack Chain,Full Attack Chain,,Type A
Python-Trojan,7,66103,<module>@main.py_slice.py,SAME AS BEFORE,SAME AS BEFORE,,
Python-Trojan,8,4707e,NEW@<module>@main.py_slice.py,Full Attack Chain,Full Attack Chain,,Type B
Python-Trojan,9,a3b3f,NEW@<module>@main.py_slice.py,Full Attack Chain,Full Attack Chain,,Type B
Python-Trojan,9,a3b3f,NEW@on_ready@main.py_slice.py,Core Attack Chain,Core Attack Chain,,Type B
Python-Trojan,10,ef777,NEW@<module>@main.py_slice.py,Full Attack Chain,Full Attack Chain,,Type B
Python-Trojan,10,ef777,on_ready@main.py_slice.py,SAME AS BEFORE,SAME AS BEFORE,,
Python-Trojan,11,ebfa5,NEW@<module>@main.py_slice.py,Full Attack Chain,Full Attack Chain,,Type B
Python-Trojan,11,ebfa5,on_ready@main.py_slice.py,SAME AS BEFORE,SAME AS BEFORE,,
Python-Trojan,12,28e72,NEW@<module>@main.py_slice.py,Full Attack Chain,Full Attack Chain,,Type B
Python-Trojan,12,28e72,on_ready@main.py_slice.py,SAME AS BEFORE,SAME AS BEFORE,,
Python-Trojan,13,27671,NEW@<module>@main.py_slice.py,Full Attack Chain,Full Attack Chain,,Type B
Python-Trojan,13,27671,on_ready@main.py_slice.py,SAME AS BEFORE,SAME AS BEFORE,,
Python-Trojan,13,27671,NEW@on_message@main.py_slice.py,Core Attack Chain,Core Attack Chain,,Type B
Python-Trojan,14,ca2be,NEW@<module>@main.py_slice.py,Full Attack Chain,Full Attack Chain,,Type B
Python-Trojan,14,ca2be,on_ready@main.py_slice.py,SAME AS BEFORE,SAME AS BEFORE,,
Python-Trojan,14,ca2be,NEW@on_message@main.py_slice.py,Core Attack Chain,Full Attack Chain,B:Hallucination,Type B
Python-Trojan,15,1f06f,NEW@<module>@main.py_slice.py,Full Attack Chain,Full Attack Chain,,Type B
Python-Trojan,15,1f06f,on_ready@main.py_slice.py,SAME AS BEFORE,SAME AS BEFORE,,
Python-Trojan,15,1f06f,NEW@on_message@main.py_slice.py,Core Attack Chain,Full Attack Chain,B:Hallucination,Type B
Python-Trojan,16,d4d71,NEW@<module>@main.py_slice.py,Full Attack Chain,Full Attack Chain,,Type B
Python-Trojan,16,d4d71,on_ready@main.py_slice.py,SAME AS BEFORE,SAME AS BEFORE,,
Python-Trojan,16,d4d71,NEW@on_message@main.py_slice.py,Core Attack Chain,Full Attack Chain,B:Hallucination,Type B
Python-Trojan,17,1878b,NEW@<module>@main.py_slice.py,Full Attack Chain,Full Attack Chain,,Type B
Python-Trojan,17,1878b,NEW@on_ready@main.py_slice.py,Core Attack Chain,Core Attack Chain,,Type B
Python-Trojan,17,1878b,NEW@on_message@main.py_slice.py,Core Attack Chain,Full Attack Chain,B:Hallucination,Type B
Python-Trojan,18,af297,NEW@<module>@main.py_slice.py,Full Attack Chain,Full Attack Chain,,Type B
Python-Trojan,18,af297,on_ready@main.py_slice.py,SAME AS BEFORE,SAME AS BEFORE,,
Python-Trojan,18,af297,NEW@on_message@main.py_slice.py,Core Attack Chain,Full Attack Chain,B:Hallucination,Type B
Python-Trojan,19,114fa,<module>@main.py_slice.py,SAME AS BEFORE,SAME AS BEFORE,,
Python-Trojan,19,114fa,on_message@main.py_slice.py,SAME AS BEFORE,SAME AS BEFORE,,
Python-Trojan,19,114fa,on_ready@main.py_slice.py,SAME AS BEFORE,SAME AS BEFORE,,
Python-Trojan,20,84747,NEW@<module>@main.py_slice.py,Full Attack Chain,Full Attack Chain,,Type B
Python-Trojan,20,84747,NEW@on_ready@main.py_slice.py,Core Attack Chain,Core Attack Chain,,Type B
Python-Trojan,20,84747,NEW@on_message@main.py_slice.py,Core Attack Chain,Full Attack Chain,B:Hallucination,Type B
Python-Trojan,21,2e587,NEW@<module>@main.py_slice.py,Full Attack Chain,Full Attack Chain,,Type B
Python-Trojan,21,2e587,on_ready@main.py_slice.py,SAME AS BEFORE,SAME AS BEFORE,,
Python-Trojan,21,2e587,NEW@on_message@main.py_slice.py,Core Attack Chain,Full Attack Chain,B:Hallucination,Type B
Python-Trojan,22,8cc51,NEW@<module>@main.py_slice.py,Full Attack Chain,Full Attack Chain,,Type B
Python-Trojan,22,8cc51,NEW@on_ready@main.py_slice.py,Core Attack Chain,Core Attack Chain,,Type B
Python-Trojan,22,8cc51,NEW@on_message@main.py_slice.py,Core Attack Chain,Full Attack Chain,B:Hallucination,Type B
Python-Trojan,23,c7f9f,NEW@<module>@main.py_slice.py,Full Attack Chain,Full Attack Chain,,Type B
Python-Trojan,23,c7f9f,on_ready@main.py_slice.py,SAME AS BEFORE,SAME AS BEFORE,,
Python-Trojan,23,c7f9f,NEW@on_message@main.py_slice.py,Core Attack Chain,Full Attack Chain,B:Hallucination,Type B
Python-Trojan,24,e88fa,NEW@<module>@main.py_slice.py,Full Attack Chain,Full Attack Chain,,Type B
Python-Trojan,24,e88fa,on_ready@main.py_slice.py,SAME AS BEFORE,SAME AS BEFORE,,
Python-Trojan,24,e88fa,NEW@on_message@main.py_slice.py,Core Attack Chain,Full Attack Chain,B:Hallucination,Type B
Python-Trojan,25,3de6c,NEW@<module>@main.py_slice.py,Full Attack Chain,Full Attack Chain,,Type B
Python-Trojan,25,3de6c,NEW@on_ready@main.py_slice.py,Core Attack Chain,Core Attack Chain,,Type B
Python-Trojan,25,3de6c,NEW@on_message@main.py_slice.py,Core Attack Chain,Full Attack Chain,B:Hallucination,Type B
Python-Trojan,26,bad07,NEW@<module>@main.py_slice.py,Full Attack Chain,Full Attack Chain,,Type B
Python-Trojan,26,bad07,NEW@on_ready@main.py_slice.py,Core Attack Chain,Core Attack Chain,,Type B
Python-Trojan,26,bad07,NEW@on_message@main.py_slice.py,Core Attack Chain,Full Attack Chain,B:Hallucination,Type B
Python-Trojan,27,c7a42,<module>@main.py_slice.py,SAME AS BEFORE,SAME AS BEFORE,,
Python-Trojan,27,c7a42,on_message@main.py_slice.py,SAME AS BEFORE,SAME AS BEFORE,,
Python-Trojan,27,c7a42,on_ready@main.py_slice.py,SAME AS BEFORE,SAME AS BEFORE,,
Python-Trojan,28,dbdf0,NEW@<module>@main.py_slice.py,Full Attack Chain,Full Attack Chain,,Type B
Python-Trojan,28,dbdf0,on_ready@main.py_slice.py,SAME AS BEFORE,SAME AS BEFORE,,
Python-Trojan,28,dbdf0,NEW@on_message@main.py_slice.py,Core Attack Chain,Full Attack Chain,B:Hallucination,Type B
Python-Trojan,29,0c466,NEW@<module>@main.py_slice.py,Full Attack Chain,Full Attack Chain,,Type B
Python-Trojan,29,0c466,NEW@on_ready@main.py_slice.py,Core Attack Chain,Core Attack Chain,,Type B
Python-Trojan,29,0c466,NEW@on_message@main.py_slice.py,Core Attack Chain,Full Attack Chain,B:Hallucination,Type B
Python-Trojan,30,cae75,NEW@<module>@main.py_slice.py,Full Attack Chain,Full Attack Chain,,Type B
Python-Trojan,30,cae75,NEW@on_ready@main.py_slice.py,Core Attack Chain,Core Attack Chain,,Type B
Python-Trojan,30,cae75,NEW@on_message@main.py_slice.py,Core Attack Chain,Full Attack Chain,B:Hallucination,Type B
Python-Trojan,31,5e20f,NEW@<module>@main.py_slice.py,Full Attack Chain,Full Attack Chain,,Type B
Python-Trojan,31,5e20f,on_message@main.py_slice.py,SAME AS BEFORE,SAME AS BEFORE,,
Python-Trojan,31,5e20f,on_ready@main.py_slice.py,SAME AS BEFORE,SAME AS BEFORE,,
Python-Trojan,32,a8447,NEW@<module>@main.py_slice.py,Full Attack Chain,Full Attack Chain,,Type B
Python-Trojan,32,a8447,on_ready@main.py_slice.py,SAME AS BEFORE,SAME AS BEFORE,,
Python-Trojan,32,a8447,NEW@on_message@main.py_slice.py,Core Attack Chain,Full Attack Chain,B:Hallucination,Type B
Python-Trojan,33,d257a,NEW@<module>@main.py_slice.py,Full Attack Chain,Full Attack Chain,,Type B
Python-Trojan,33,d257a,on_ready@main.py_slice.py,SAME AS BEFORE,SAME AS BEFORE,,
Python-Trojan,33,d257a,NEW@on_message@main.py_slice.py,Core Attack Chain,Full Attack Chain,B:Hallucination,Type B
Python-Trojan,34,ebc01,NEW@<module>@main.py_slice.py,Full Attack Chain,Full Attack Chain,,Type B
Python-Trojan,34,ebc01,NEW@on_ready@main.py_slice.py,Core Attack Chain,Core Attack Chain,,Type B
Python-Trojan,34,ebc01,NEW@on_message@main.py_slice.py,Core Attack Chain,Full Attack Chain,B:Hallucination,Type B
Python-Trojan,35,9ebad,NEW@<module>@main.py_slice.py,Full Attack Chain,Full Attack Chain,,Type B
Python-Trojan,35,9ebad,NEW@on_ready@main.py_slice.py,Core Attack Chain,Core Attack Chain,,Type B
Python-Trojan,35,9ebad,NEW@on_message@main.py_slice.py,Core Attack Chain,Full Attack Chain,B:Hallucination,Type B
Python-Trojan,36,c5c00,<module>@main.py_slice.py,SAME AS BEFORE,SAME AS BEFORE,,
Python-Trojan,36,c5c00,on_message@main.py_slice.py,SAME AS BEFORE,SAME AS BEFORE,,
Python-Trojan,36,c5c00,on_ready@main.py_slice.py,SAME AS BEFORE,SAME AS BEFORE,,
Python-Trojan,37,4ff7f,<module>@main.py_slice.py,SAME AS BEFORE,SAME AS BEFORE,,
Python-Trojan,37,4ff7f,on_message@main.py_slice.py,SAME AS BEFORE,SAME AS BEFORE,,
Python-Trojan,37,4ff7f,on_ready@main.py_slice.py,SAME AS BEFORE,SAME AS BEFORE,,
Python-Trojan,38,6ec89,NEW@<module>@main.py_slice.py,Full Attack Chain,Full Attack Chain,,Type B
Python-Trojan,38,6ec89,NEW@on_ready@main.py_slice.py,Core Attack Chain,Core Attack Chain,,Type B
Python-Trojan,38,6ec89,NEW@on_message@main.py_slice.py,Core Attack Chain,Full Attack Chain,B:Hallucination,Type B
Python-Trojan,39,b5094,NEW@<module>@main.py_slice.py,Full Attack Chain,Full Attack Chain,,Type B
Python-Trojan,39,b5094,on_ready@main.py_slice.py,SAME AS BEFORE,SAME AS BEFORE,,
Python-Trojan,39,b5094,NEW@on_message@main.py_slice.py,Core Attack Chain,Full Attack Chain,B:Hallucination,Type B
Python-Trojan,40,cfc93,NEW@<module>@main.py_slice.py,Full Attack Chain,Full Attack Chain,,Type B
Python-Trojan,40,cfc93,NEW@on_ready@main.py_slice.py,Core Attack Chain,Core Attack Chain,,Type B
Python-Trojan,40,cfc93,NEW@on_message@main.py_slice.py,Core Attack Chain,Full Attack Chain,B:Hallucination,Type B
Python-Trojan,41,9f8d6,NEW@<module>@main.py_slice.py,Full Attack Chain,Core Attack Chain,F:missing unneeded file selection logic,Type B
Python-Trojan,41,9f8d6,NEW@on_ready@main.py_slice.py,Core Attack Chain,Core Attack Chain,,Type B
Python-Trojan,41,9f8d6,NEW@on_message@main.py_slice.py,Core Attack Chain,Full Attack Chain,B:Hallucination,Type B
Python-Trojan,42,3dc3b,NEW@<module>@main.py_slice.py,Full Attack Chain,Core Attack Chain,F:missing unneeded file selection logic,Type B
Python-Trojan,42,3dc3b,NEW@on_ready@main.py_slice.py,Core Attack Chain,Core Attack Chain,,Type B
Python-Trojan,42,3dc3b,NEW@on_message@main.py_slice.py,Core Attack Chain,Full Attack Chain,B:Hallucination,Type B
PythonMalware_1/PythonMalware,0,a30d9,NEW@<fakeNew>@malwarecontrol.py_slice.py,Undetermined,Undetermined,,None
PythonMalware_1/PythonMalware,0,a30d9,NEW@<body>@malwarecontrol.py_slice.py,Full Attack Chain,Full Attack Chain,,Type B
PythonMalware_1/PythonMalware,0,a30d9,NEW@<module>@malwarecontrol.py_slice.py,Full Attack Chain,Full Attack Chain,,Type B
PythonMalware_1/PythonMalware,1,3dd9f,NEW@<fakeNew>@mainMenu.py_slice.py,Undetermined,Undetermined,,None
PythonMalware_1/PythonMalware,1,3dd9f,<module>@malwarecontrol.py_slice.py,SAME AS BEFORE,SAME AS BEFORE,,
PythonMalware_1/PythonMalware,1,3dd9f,<fakeNew>@malwarecontrol.py_slice.py,SAME AS BEFORE,SAME AS BEFORE,,
PythonMalware_1/PythonMalware,1,3dd9f,<body>@malwarecontrol.py_slice.py,SAME AS BEFORE,SAME AS BEFORE,,
PythonMalware_1/PythonMalware,2,4f24c,<fakeNew>@mainMenu.py_slice.py,SAME AS BEFORE,SAME AS BEFORE,,
PythonMalware_1/PythonMalware,2,4f24c,NEW@<module>@malwarecontrol.py_slice.py,Full Attack Chain,Full Attack Chain,,Type B
PythonMalware_1/PythonMalware,2,4f24c,<fakeNew>@malwarecontrol.py_slice.py,SAME AS BEFORE,SAME AS BEFORE,,
PythonMalware_1/PythonMalware,2,4f24c,<body>@malwarecontrol.py_slice.py,SAME AS BEFORE,SAME AS BEFORE,,
PythonMalware_1/PythonMalware,3,d37f7,<module>@malwarecontrol.py_slice.py,SAME AS BEFORE,SAME AS BEFORE,,
PythonMalware_1/PythonMalware,3,d37f7,<fakeNew>@mainMenu.py_slice.py,SAME AS BEFORE,SAME AS BEFORE,,
PythonMalware_1/PythonMalware,3,d37f7,NEW@<body>@malwareclient.py_slice.py,Full Attack Chain,Full Attack Chain,,Type B
PythonMalware_1/PythonMalware,3,d37f7,<fakeNew>@malwarecontrol.py_slice.py,SAME AS BEFORE,SAME AS BEFORE,,
PythonMalware_1/PythonMalware,3,d37f7,<body>@malwarecontrol.py_slice.py,SAME AS BEFORE,SAME AS BEFORE,,
PythonMalware_1/PythonMalware,4,1a793,NEW@<module>@packing_launcher.py_slice.py,Undetermined,Undetermined,,None
PythonMalware_1/PythonMalware,4,1a793,<module>@malwarecontrol.py_slice.py,SAME AS BEFORE,SAME AS BEFORE,,
PythonMalware_1/PythonMalware,4,1a793,<fakeNew>@mainMenu.py_slice.py,SAME AS BEFORE,SAME AS BEFORE,,
PythonMalware_1/PythonMalware,4,1a793,<fakeNew>@malwarecontrol.py_slice.py,SAME AS BEFORE,SAME AS BEFORE,,
PythonMalware_1/PythonMalware,4,1a793,<body>@malwareclient.py_slice.py,SAME AS BEFORE,SAME AS BEFORE,,
PythonMalware_1/PythonMalware,4,1a793,<body>@malwarecontrol.py_slice.py,SAME AS BEFORE,SAME AS BEFORE,,
PythonMalware_1/PythonMalware,5,19982,<module>@malwarecontrol.py_slice.py,SAME AS BEFORE,SAME AS BEFORE,,
PythonMalware_1/PythonMalware,5,19982,<fakeNew>@mainMenu.py_slice.py,SAME AS BEFORE,SAME AS BEFORE,,
PythonMalware_1/PythonMalware,5,19982,<module>@packing_launcher.py_slice.py,SAME AS BEFORE,SAME AS BEFORE,,
PythonMalware_1/PythonMalware,5,19982,<fakeNew>@malwarecontrol.py_slice.py,SAME AS BEFORE,SAME AS BEFORE,,
PythonMalware_1/PythonMalware,5,19982,<body>@malwareclient.py_slice.py,SAME AS BEFORE,SAME AS BEFORE,,
PythonMalware_1/PythonMalware,5,19982,<body>@malwarecontrol.py_slice.py,SAME AS BEFORE,SAME AS BEFORE,,
PythonMalware_1/PythonMalware,6,82162,NEW@<module>@b2.py_slice.py,Core Attack Chain,Core Attack Chain,,Type J
PythonMalware_1/PythonMalware,6,82162,<module>@malwarecontrol.py_slice.py,SAME AS BEFORE,SAME AS BEFORE,,
PythonMalware_1/PythonMalware,6,82162,<fakeNew>@mainMenu.py_slice.py,SAME AS BEFORE,SAME AS BEFORE,,
PythonMalware_1/PythonMalware,6,82162,<module>@packing_launcher.py_slice.py,SAME AS BEFORE,SAME AS BEFORE,,
PythonMalware_1/PythonMalware,6,82162,<fakeNew>@malwarecontrol.py_slice.py,SAME AS BEFORE,SAME AS BEFORE,,
PythonMalware_1/PythonMalware,6,82162,<body>@malwareclient.py_slice.py,SAME AS BEFORE,SAME AS BEFORE,,
PythonMalware_1/PythonMalware,6,82162,<body>@malwarecontrol.py_slice.py,SAME AS BEFORE,SAME AS BEFORE,,
PythonReverseShellBasic,0,a90f3,NEW@<module>@ReverseShell_server.py_slice.py,Undetermined,Undetermined,,None
PythonReverseShellBasic,1,40d25,NEW@<module>@ReverseShell_server.py_slice.py,Undetermined,Undetermined,,None
PythonReverseShellBasic,2,a3398,NEW@<module>@ReverseShell_server.py_slice.py,Undetermined,Undetermined,,None
PythonReverseShellBasic,3,115b5,NEW@<module>@ReverseShell_server.py_slice.py,Core Attack Chain,Core Attack Chain,,Type B
PythonReverseShellBasic,4,9c290,NEW@<module>@ReverseShell_client.py_slice.py,Core Attack Chain,Core Attack Chain,,Type B
PythonReverseShellBasic,4,9c290,<module>@ReverseShell_server.py_slice.py,SAME AS BEFORE,SAME AS BEFORE,,
PythonReverseShellBasic,5,891e2,NEW@<module>@ReverseShell_client.py_slice.py,Full Attack Chain,Full Attack Chain,,Type B
PythonReverseShellBasic,5,891e2,<module>@ReverseShell_server.py_slice.py,SAME AS BEFORE,SAME AS BEFORE,,
PythonReverseShellBasic,6,5fe8a,NEW@<module>@ReverseShell_client.py_slice.py,Full Attack Chain,Full Attack Chain,,Type B
PythonReverseShellBasic,6,5fe8a,<module>@ReverseShell_server.py_slice.py,SAME AS BEFORE,SAME AS BEFORE,,
PythonVirusExamples,0,f266f,NEW@<module>@ChromeLogger.py_slice.py,Core Attack Chain,Core Attack Chain,,Type A
PythonVirusExamples,1,1f06e,NEW@<module>@ChromeLogger.py_slice.py,Full Attack Chain,Full Attack Chain,,Type A
PythonVirusExamples,2,7c4ab,NEW@<module>@ChromeLogger.py_slice.py,Full Attack Chain,Full Attack Chain,,Type A
raccoon_clipper,0,5d4a4,NEW@<module>@uninstaller_uninstaller.py_slice.py,Benign,Benign,,None
raccoon_clipper,1,bb691,NEW@<module>@uninstaller_uninstaller.py_slice.py,Benign,Benign,,None
raccoon_clipper,2,124df,NEW@<module>@uninstaller_uninstaller.py_slice.py,Benign,Benign,,None
ransomware,0,fde37,NEW@<module>@main.py_slice.py,Full Attack Chain,Full Attack Chain,,Type C
ransomware,0,fde37,NEW@<module>@gen_rsa_key.py_slice.py,Undetermined,Undetermined,,None
ransomware,1,164d2,NEW@<module>@main.py_slice.py,Full Attack Chain,Full Attack Chain,,Type C
ransomware,1,164d2,NEW@<module>@lib_en_decrypt.py_slice.py,Full Attack Chain,Full Attack Chain,,Type C
ransomware,1,164d2,<module>@gen_rsa_key.py_slice.py,SAME AS BEFORE,SAME AS BEFORE,,
ransomware,2,ae168,NEW@<module>@main.py_slice.py,Full Attack Chain,Full Attack Chain,,Type C
ransomware,2,ae168,NEW@<module>@lib_en_decrypt.py_slice.py,Full Attack Chain,Full Attack Chain,,Type C
ransomware,2,ae168,NEW@<module>@lib_system_manager.py_slice.py,Core Attack Chain,Core Attack Chain,,Type C
ransomware,2,ae168,<module>@gen_rsa_key.py_slice.py,SAME AS BEFORE,SAME AS BEFORE,,
ransomware,2,ae168,NEW@<module>@lib_zzz_exploit.py_slice.py,Full Attack Chain,Full Attack Chain,,Type B
ransomware,2,ae168,NEW@<body>@lib_mysmb.py_slice.py,Core Attack Chain,Core Attack Chain,,Type B
ransomware,2,ae168,NEW@<module>@lib_eternal_checker.py_slice.py,Benign,Benign,,None
ransomware_malware,0,9a265,NEW@<body>@ransomware.py_slice.py,Core Attack Chain,Core Attack Chain,,Type C
ransomware_malware,1,edfec,NEW@<body>@ransomware.py_slice.py,Core Attack Chain,Core Attack Chain,,Type C
ransomware_malware,2,24bd1,<body>@ransomware.py_slice.py,SAME AS BEFORE,SAME AS BEFORE,,
ransomware_malware,3,e7f34,NEW@<body>@ransomware.py_slice.py,Benign,Benign,,None
ransomware_malware,4,19851,NEW@<body>@ransomware.py_slice.py,Core Attack Chain,Core Attack Chain,,Type C
ransomware_malware,5,c9186,<body>@ransomware.py_slice.py,SAME AS BEFORE,SAME AS BEFORE,,
ScaryMalware,0,b54b5,NEW@<module>@malware.py_slice.py,Benign,Benign,,None
ScaryMalware,1,57d43,NEW@<module>@malware.py_slice.py,Full Attack Chain,Full Attack Chain,,Type K
ScaryMalware,2,702da,NEW@<module>@malware.py_slice.py,Full Attack Chain,Full Attack Chain,,Type K
ScaryMalware,3,d3e8c,NEW@<module>@malware.py_slice.py,Full Attack Chain,Full Attack Chain,,Type K
ScaryMalware,4,e22de,NEW@<module>@malware.py_slice.py,Full Attack Chain,Full Attack Chain,,Type K
ScaryMalware,5,c5ff7,NEW@<module>@malware.py_slice.py,Full Attack Chain,Full Attack Chain,,Type K
ScaryMalware,6,2e6cf,NEW@<module>@malware.py_slice.py,Full Attack Chain,Full Attack Chain,,Type K
ScaryMalware,7,2c725,<module>@malware.py_slice.py,SAME AS BEFORE,SAME AS BEFORE,,
ScaryMalware,8,3b2cc,NEW@<module>@malware.py_slice.py,Full Attack Chain,Full Attack Chain,,Type K
ScaryMalware,9,06075,NEW@<module>@malware.py_slice.py,Full Attack Chain,Full Attack Chain,,Type K
ScaryMalware,10,36f13,NEW@<module>@malware.py_slice.py,Full Attack Chain,Full Attack Chain,,Type K
shameleon,0,3759a,NEW@<body>@shameleon_client_modules_shell.py_slice.py,Core Attack Chain,Core Attack Chain,,Type B
shameleon,0,3759a,NEW@post_input@misc_dummy_server_dummy_server.py_slice.py,Benign,Benign,,None
shameleon,0,3759a,NEW@get_result@misc_dummy_server_dummy_server.py_slice.py,Benign,Benign,,None
shameleon,0,3759a,NEW@post_output@misc_dummy_server_dummy_server.py_slice.py,Benign,Benign,,None
shameleon,0,3759a,NEW@<module>@client.py_slice.py,Core Attack Chain,Undetermined,B:intent error,None
shameleon,0,3759a,NEW@<body>@shameleon_client_providers_dummy.py_slice.py,Undetermined,Undetermined,,None
shameleon,0,3759a,NEW@<body>@shameleon_client_providers_base.py_slice.py,Undetermined,Undetermined,,None
shameleon,0,3759a,NEW@get_input@misc_dummy_server_dummy_server.py_slice.py,Benign,Benign,,None
shameleon,0,3759a,NEW@<body>@misc_dummy_server_dummy_server.py_slice.py,Benign,Benign,,None
shameleon,1,00828,<body>@shameleon_client_modules_shell.py_slice.py,SAME AS BEFORE,SAME AS BEFORE,,
shameleon,1,00828,<body>@misc_dummy_server_dummy_server.py_slice.py,SAME AS BEFORE,SAME AS BEFORE,,
shameleon,1,00828,post_output@misc_dummy_server_dummy_server.py_slice.py,SAME AS BEFORE,SAME AS BEFORE,,
shameleon,1,00828,NEW@_send_payload@shameleon_client_providers_dummy.py_slice.py,Undetermined,Undetermined,,None
shameleon,1,00828,get_input@misc_dummy_server_dummy_server.py_slice.py,SAME AS BEFORE,SAME AS BEFORE,,
shameleon,1,00828,NEW@<module>@client.py_slice.py,Core Attack Chain,Core Attack Chain,,Type B
shameleon,1,00828,NEW@<body>@shameleon_client_providers_base.py_slice.py,Undetermined,Undetermined,,None
shameleon,1,00828,get_result@misc_dummy_server_dummy_server.py_slice.py,SAME AS BEFORE,SAME AS BEFORE,,
shameleon,1,00828,post_input@misc_dummy_server_dummy_server.py_slice.py,SAME AS BEFORE,SAME AS BEFORE,,
shameleon,1,00828,NEW@_get_payload@shameleon_client_providers_dummy.py_slice.py,Undetermined,Undetermined,,None
shameleon,2,04c56,<body>@shameleon_client_modules_shell.py_slice.py,SAME AS BEFORE,SAME AS BEFORE,,
shameleon,2,04c56,<body>@misc_dummy_server_dummy_server.py_slice.py,SAME AS BEFORE,SAME AS BEFORE,,
shameleon,2,04c56,post_output@misc_dummy_server_dummy_server.py_slice.py,SAME AS BEFORE,SAME AS BEFORE,,
shameleon,2,04c56,get_input@misc_dummy_server_dummy_server.py_slice.py,SAME AS BEFORE,SAME AS BEFORE,,
shameleon,2,04c56,NEW@<module>@client.py_slice.py,Core Attack Chain,Core Attack Chain,,Type B
shameleon,2,04c56,NEW@<body>@shameleon_client_providers_dummy.py_slice.py,Undetermined,Undetermined,,None
shameleon,2,04c56,get_result@misc_dummy_server_dummy_server.py_slice.py,SAME AS BEFORE,SAME AS BEFORE,,
shameleon,2,04c56,post_input@misc_dummy_server_dummy_server.py_slice.py,SAME AS BEFORE,SAME AS BEFORE,,
shameleon,3,01a49,<body>@misc_dummy_server_dummy_server.py_slice.py,SAME AS BEFORE,SAME AS BEFORE,,
shameleon,3,01a49,NEW@<body>@shameleon_client_modules_shell.py_slice.py,Core Attack Chain,Core Attack Chain,,Type B
shameleon,3,01a49,post_output@misc_dummy_server_dummy_server.py_slice.py,SAME AS BEFORE,SAME AS BEFORE,,
shameleon,3,01a49,<body>@shameleon_client_providers_dummy.py_slice.py,SAME AS BEFORE,SAME AS BEFORE,,
shameleon,3,01a49,get_input@misc_dummy_server_dummy_server.py_slice.py,SAME AS BEFORE,SAME AS BEFORE,,
shameleon,3,01a49,NEW@<module>@client.py_slice.py,Core Attack Chain,Core Attack Chain,,Type B
shameleon,3,01a49,get_result@misc_dummy_server_dummy_server.py_slice.py,SAME AS BEFORE,SAME AS BEFORE,,
shameleon,3,01a49,post_input@misc_dummy_server_dummy_server.py_slice.py,SAME AS BEFORE,SAME AS BEFORE,,
shameleon,4,0aec7,<body>@shameleon_client_modules_shell.py_slice.py,SAME AS BEFORE,SAME AS BEFORE,,
shameleon,4,0aec7,<body>@misc_dummy_server_dummy_server.py_slice.py,SAME AS BEFORE,SAME AS BEFORE,,
shameleon,4,0aec7,post_output@misc_dummy_server_dummy_server.py_slice.py,SAME AS BEFORE,SAME AS BEFORE,,
shameleon,4,0aec7,<module>@client.py_slice.py,SAME AS BEFORE,SAME AS BEFORE,,
shameleon,4,0aec7,<body>@shameleon_client_providers_dummy.py_slice.py,SAME AS BEFORE,SAME AS BEFORE,,
shameleon,4,0aec7,get_input@misc_dummy_server_dummy_server.py_slice.py,SAME AS BEFORE,SAME AS BEFORE,,
shameleon,4,0aec7,get_result@misc_dummy_server_dummy_server.py_slice.py,SAME AS BEFORE,SAME AS BEFORE,,
shameleon,4,0aec7,post_input@misc_dummy_server_dummy_server.py_slice.py,SAME AS BEFORE,SAME AS BEFORE,,
shameleon,5,5ddd3,<body>@shameleon_client_modules_shell.py_slice.py,SAME AS BEFORE,SAME AS BEFORE,,
shameleon,5,5ddd3,<body>@misc_dummy_server_dummy_server.py_slice.py,SAME AS BEFORE,SAME AS BEFORE,,
shameleon,5,5ddd3,post_output@misc_dummy_server_dummy_server.py_slice.py,SAME AS BEFORE,SAME AS BEFORE,,
shameleon,5,5ddd3,get_input@misc_dummy_server_dummy_server.py_slice.py,SAME AS BEFORE,SAME AS BEFORE,,
shameleon,5,5ddd3,NEW@<module>@client.py_slice.py,Core Attack Chain,Core Attack Chain,,Type B
shameleon,5,5ddd3,NEW@<body>@shameleon_client_providers_dummy.py_slice.py,Core Attack Chain,Core Attack Chain,,Type B
shameleon,5,5ddd3,NEW@<body>@shameleon_client_providers_loki.py_slice.py,Core Attack Chain,Core Attack Chain,,Type B
shameleon,5,5ddd3,get_result@misc_dummy_server_dummy_server.py_slice.py,SAME AS BEFORE,SAME AS BEFORE,,
shameleon,5,5ddd3,post_input@misc_dummy_server_dummy_server.py_slice.py,SAME AS BEFORE,SAME AS BEFORE,,
shameleon,6,464c1,<body>@shameleon_client_modules_shell.py_slice.py,SAME AS BEFORE,SAME AS BEFORE,,
shameleon,6,464c1,<body>@misc_dummy_server_dummy_server.py_slice.py,SAME AS BEFORE,SAME AS BEFORE,,
shameleon,6,464c1,post_output@misc_dummy_server_dummy_server.py_slice.py,SAME AS BEFORE,SAME AS BEFORE,,
shameleon,6,464c1,NEW@<module>@builder.py_slice.py,Full Attack Chain,Full Attack Chain,,Type I
shameleon,6,464c1,<body>@shameleon_client_providers_dummy.py_slice.py,SAME AS BEFORE,SAME AS BEFORE,,
shameleon,6,464c1,get_input@misc_dummy_server_dummy_server.py_slice.py,SAME AS BEFORE,SAME AS BEFORE,,
shameleon,6,464c1,NEW@<module>@client.py_slice.py,Core Attack Chain,Core Attack Chain,,Type B
shameleon,6,464c1,NEW@<body>@shameleon_client_providers_loki.py_slice.py,Core Attack Chain,Core Attack Chain,,Type B
shameleon,6,464c1,get_result@misc_dummy_server_dummy_server.py_slice.py,SAME AS BEFORE,SAME AS BEFORE,,
shameleon,6,464c1,post_input@misc_dummy_server_dummy_server.py_slice.py,SAME AS BEFORE,SAME AS BEFORE,,
shameleon,7,6486f,<body>@shameleon_client_modules_shell.py_slice.py,SAME AS BEFORE,SAME AS BEFORE,,
shameleon,7,6486f,<body>@misc_dummy_server_dummy_server.py_slice.py,SAME AS BEFORE,SAME AS BEFORE,,
shameleon,7,6486f,post_output@misc_dummy_server_dummy_server.py_slice.py,SAME AS BEFORE,SAME AS BEFORE,,
shameleon,7,6486f,<module>@client.py_slice.py,SAME AS BEFORE,SAME AS BEFORE,,
shameleon,7,6486f,NEW@<module>@builder.py_slice.py,Full Attack Chain,Full Attack Chain,,Type I
shameleon,7,6486f,<body>@shameleon_client_providers_dummy.py_slice.py,SAME AS BEFORE,SAME AS BEFORE,,
shameleon,7,6486f,get_input@misc_dummy_server_dummy_server.py_slice.py,SAME AS BEFORE,SAME AS BEFORE,,
shameleon,7,6486f,get_result@misc_dummy_server_dummy_server.py_slice.py,SAME AS BEFORE,SAME AS BEFORE,,
shameleon,7,6486f,post_input@misc_dummy_server_dummy_server.py_slice.py,SAME AS BEFORE,SAME AS BEFORE,,
shameleon,7,6486f,<body>@shameleon_client_providers_loki.py_slice.py,SAME AS BEFORE,SAME AS BEFORE,,
shameleon,8,0bb1e,<body>@shameleon_client_modules_shell.py_slice.py,SAME AS BEFORE,SAME AS BEFORE,,
shameleon,8,0bb1e,<body>@misc_dummy_server_dummy_server.py_slice.py,SAME AS BEFORE,SAME AS BEFORE,,
shameleon,8,0bb1e,post_output@misc_dummy_server_dummy_server.py_slice.py,SAME AS BEFORE,SAME AS BEFORE,,
shameleon,8,0bb1e,NEW@<module>@builder.py_slice.py,Full Attack Chain,Full Attack Chain,,Type I
shameleon,8,0bb1e,<body>@shameleon_client_providers_dummy.py_slice.py,SAME AS BEFORE,SAME AS BEFORE,,
shameleon,8,0bb1e,get_input@misc_dummy_server_dummy_server.py_slice.py,SAME AS BEFORE,SAME AS BEFORE,,
shameleon,8,0bb1e,NEW@<module>@client.py_slice.py,Core Attack Chain,Core Attack Chain,,Type B
shameleon,8,0bb1e,get_result@misc_dummy_server_dummy_server.py_slice.py,SAME AS BEFORE,SAME AS BEFORE,,
shameleon,8,0bb1e,post_input@misc_dummy_server_dummy_server.py_slice.py,SAME AS BEFORE,SAME AS BEFORE,,
shameleon,8,0bb1e,<body>@shameleon_client_providers_loki.py_slice.py,SAME AS BEFORE,SAME AS BEFORE,,
shameleon,9,2e87b,<body>@misc_dummy_server_dummy_server.py_slice.py,SAME AS BEFORE,SAME AS BEFORE,,
shameleon,9,2e87b,NEW@<body>@shameleon_client_modules_shell.py_slice.py,Core Attack Chain,Core Attack Chain,,Type B
shameleon,9,2e87b,post_output@misc_dummy_server_dummy_server.py_slice.py,SAME AS BEFORE,SAME AS BEFORE,,
shameleon,9,2e87b,NEW@<module>@builder.py_slice.py,Full Attack Chain,Full Attack Chain,,Type I
shameleon,9,2e87b,get_input@misc_dummy_server_dummy_server.py_slice.py,SAME AS BEFORE,SAME AS BEFORE,,
shameleon,9,2e87b,NEW@<module>@client.py_slice.py,Core Attack Chain,Core Attack Chain,,Type B
shameleon,9,2e87b,NEW@<body>@shameleon_client_providers_dummy.py_slice.py,Core Attack Chain,Core Attack Chain,,Type B
shameleon,9,2e87b,NEW@<body>@shameleon_client_providers_loki.py_slice.py,Core Attack Chain,Core Attack Chain,,Type B
shameleon,9,2e87b,get_result@misc_dummy_server_dummy_server.py_slice.py,SAME AS BEFORE,SAME AS BEFORE,,
shameleon,9,2e87b,post_input@misc_dummy_server_dummy_server.py_slice.py,SAME AS BEFORE,SAME AS BEFORE,,
shameleon,10,0a26f,<body>@misc_dummy_server_dummy_server.py_slice.py,SAME AS BEFORE,SAME AS BEFORE,,
shameleon,10,0a26f,post_output@misc_dummy_server_dummy_server.py_slice.py,SAME AS BEFORE,SAME AS BEFORE,,
shameleon,10,0a26f,NEW@<module>@builder.py_slice.py,Full Attack Chain,Full Attack Chain,,Type I
shameleon,10,0a26f,get_input@misc_dummy_server_dummy_server.py_slice.py,SAME AS BEFORE,SAME AS BEFORE,,
shameleon,10,0a26f,NEW@<module>@client.py_slice.py,Core Attack Chain,Core Attack Chain,,Type B
shameleon,10,0a26f,NEW@<body>@shameleon_client_providers_dummy.py_slice.py,Core Attack Chain,Core Attack Chain,,Type B
shameleon,10,0a26f,NEW@<body>@shameleon_client_providers_loki.py_slice.py,Core Attack Chain,Core Attack Chain,,Type B
shameleon,10,0a26f,get_result@misc_dummy_server_dummy_server.py_slice.py,SAME AS BEFORE,SAME AS BEFORE,,
shameleon,10,0a26f,post_input@misc_dummy_server_dummy_server.py_slice.py,SAME AS BEFORE,SAME AS BEFORE,,
shameleon,10,0a26f,NEW@<body>@shameleon_client_server.py_slice.py,Core Attack Chain,Core Attack Chain,,Type B
simple-virus-python,1,a8fd6,NEW@<module>@virus.py_slice.py,Core Attack Chain,Core Attack Chain,,
simple-virus-python,2,e0242,NEW@<module>@virus.py_slice.py,Core Attack Chain,Core Attack Chain,,
simple-virus-python,3,e5966,NEW@<module>@search.py_slice.py,Benign,Benign,,
simple-virus-python,4,cfe47,NEW@<module>@virus.py_slice.py,Core Attack Chain,Core Attack Chain,,Type F
simple-virus-python,5,e005a,NEW@<module>@search.py_slice.py,Benign,Benign,,None
simple-virus-python,6,25f3d,NEW@<module>@virus.py_slice.py,Core Attack Chain,Core Attack Chain,,Type F
simple-virus-python,6,25f3d,<module>@search.py_slice.py,SAME AS BEFORE,SAME AS BEFORE,,
simple-virus-python,7,96bdc,<module>@virus.py_slice.py,SAME AS BEFORE,SAME AS BEFORE,,
simple-virus-python,7,96bdc,NEW@<module>@search.py_slice.py,Benign,Benign,,None
simple-virus-python,8,57022,NEW@<module>@virus.py_slice.py,Core Attack Chain,Core Attack Chain,,Type F
simple-virus-python,9,7008e,<module>@virus.py_slice.py,SAME AS BEFORE,SAME AS BEFORE,,
simple-virus-python,9,7008e,NEW@<module>@search.py_slice.py,Benign,Benign,,None
simple-virus-python,10,3c1c7,NEW@<module>@virus.py_slice.py,Core Attack Chain,Core Attack Chain,,Type F
simple-virus-python,10,3c1c7,<module>@search.py_slice.py,SAME AS BEFORE,SAME AS BEFORE,,
simple-virus-python,11,bb9b9,NEW@<module>@virus.py_slice.py,Core Attack Chain,Core Attack Chain,,Type F
simple-virus-python,11,bb9b9,<module>@search.py_slice.py,SAME AS BEFORE,SAME AS BEFORE,,
simple-virus-python,12,43792,NEW@<module>@virus.py_slice.py,Core Attack Chain,Core Attack Chain,,Type F
simple-virus-python,12,43792,NEW@infect@virus.py_slice.py,Core Attack Chain,Core Attack Chain,,Type F
simple-virus-python,12,43792,NEW@<module>@search.py_slice.py,Benign,Benign,,None
simple-virus-python,13,09236,<module>@virus.py_slice.py,SAME AS BEFORE,SAME AS BEFORE,,
simple-virus-python,13,09236,infect@virus.py_slice.py,SAME AS BEFORE,SAME AS BEFORE,,
Spyware,0,2ee4e,NEW@<module>@main.py_slice.py,Full Attack Chain,Core Attack Chain,slice extract unfully,Type H
Spyware,0,2ee4e,NEW@<body>@WindowTracker.py_slice.py,Core Attack Chain,Core Attack Chain,,Type H
Spyware,0,2ee4e,NEW@<body>@keylogger.py_slice.py,Core Attack Chain,Core Attack Chain,,Type H
Spyware,0,2ee4e,NEW@<module>@Screenshot.py_slice.py,Undetermined,Undetermined,,None
Spyware,0,2ee4e,NEW@<body>@Screenshot.py_slice.py,Undetermined,Undetermined,,None
Spyware,0,2ee4e,NEW@<body>@FileHandler.py_slice.py,Undetermined,Undetermined,,None
Spyware,1,84840,NEW@<module>@main.py_slice.py,Full Attack Chain,Core Attack Chain,slice extract unfully,Type H
Spyware,1,84840,NEW@<body>@WindowTracker.py_slice.py,Core Attack Chain,Core Attack Chain,,Type H
Spyware,1,84840,NEW@<module>@keylogger.py_slice.py,Core Attack Chain,Core Attack Chain,,Type H
Spyware,1,84840,NEW@<body>@keylogger.py_slice.py,Core Attack Chain,Core Attack Chain,,Type H
Spyware,1,84840,<body>@FileHandler.py_slice.py,SAME AS BEFORE,SAME AS BEFORE,,
Spyware,1,84840,<module>@Screenshot.py_slice.py,SAME AS BEFORE,SAME AS BEFORE,,
Spyware,1,84840,<body>@Screenshot.py_slice.py,SAME AS BEFORE,SAME AS BEFORE,,
Spyware,1,84840,NEW@<module>@WindowTracker.py_slice.py,Core Attack Chain,Core Attack Chain,,Type H
Spyware,2,7952d,NEW@<module>@main.py_slice.py,Full Attack Chain,Core Attack Chain,slice extract unfully,Type H
Spyware,2,7952d,NEW@<body>@WindowTracker.py_slice.py,Core Attack Chain,Core Attack Chain,,Type H
Spyware,2,7952d,NEW@<module>@keylogger.py_slice.py,Core Attack Chain,Core Attack Chain,,Type H
Spyware,2,7952d,NEW@<body>@keylogger.py_slice.py,Core Attack Chain,Core Attack Chain,,Type H
Spyware,2,7952d,<module>@Screenshot.py_slice.py,SAME AS BEFORE,SAME AS BEFORE,,
Spyware,2,7952d,<body>@Screenshot.py_slice.py,SAME AS BEFORE,SAME AS BEFORE,,
Spyware,2,7952d,NEW@<module>@WindowTracker.py_slice.py,Core Attack Chain,Core Attack Chain,,Type H
Spyware,2,7952d,NEW@<body>@FileHandler.py_slice.py,Benign,Benign,,None
Spyware,3,53c4a,NEW@<module>@main.py_slice.py,Full Attack Chain,Core Attack Chain,slice extract unfully,Type H
Spyware,3,53c4a,NEW@<body>@WindowTracker.py_slice.py,Core Attack Chain,Core Attack Chain,,Type H
Spyware,3,53c4a,<body>@keylogger.py_slice.py,SAME AS BEFORE,SAME AS BEFORE,,
Spyware,3,53c4a,<body>@FileHandler.py_slice.py,SAME AS BEFORE,SAME AS BEFORE,,
Spyware,3,53c4a,<module>@keylogger.py_slice.py,SAME AS BEFORE,SAME AS BEFORE,,
Spyware,3,53c4a,NEW@<module>@Screenshot.py_slice.py,Undetermined,Undetermined,,None
Spyware,3,53c4a,NEW@<module>@WindowTracker.py_slice.py,Core Attack Chain,Core Attack Chain,,Type A
Spyware,3,53c4a,NEW@<body>@Screenshot.py_slice.py,Undetermined,Undetermined,,
Spyware,4,289d2,NEW@<module>@main.py_slice.py,Full Attack Chain,Core Attack Chain,slice extract unfully,Type H
Spyware,4,289d2,NEW@<body>@WindowTracker.py_slice.py,Core Attack Chain,Core Attack Chain,,Type H
Spyware,4,289d2,<body>@keylogger.py_slice.py,SAME AS BEFORE,SAME AS BEFORE,,
Spyware,4,289d2,<body>@FileHandler.py_slice.py,SAME AS BEFORE,SAME AS BEFORE,,
Spyware,4,289d2,<module>@keylogger.py_slice.py,SAME AS BEFORE,SAME AS BEFORE,,
Spyware,4,289d2,NEW@<module>@WindowTracker.py_slice.py,Core Attack Chain,Core Attack Chain,,Type A
Spyware,5,d5db4,NEW@<body>@WindowTracker.py_slice.py,Core Attack Chain,Core Attack Chain,,Type H
Spyware,5,d5db4,NEW@<module>@keylogger.py_slice.py,Core Attack Chain,Core Attack Chain,,Type H
Spyware,5,d5db4,NEW@<body>@keylogger.py_slice.py,Core Attack Chain,Core Attack Chain,,Type H
Spyware,5,d5db4,NEW@<body>@Malware.py_slice.py,Core Attack Chain,Core Attack Chain,,Type H
Spyware,5,d5db4,NEW@<module>@command_test.py_slice.py,Undetermined,Undetermined,,None
Spyware,5,d5db4,NEW@<module>@Screenshot.py_slice.py,Undetermined,Undetermined,,None
Spyware,5,d5db4,NEW@<module>@WindowTracker.py_slice.py,Core Attack Chain,Core Attack Chain,,Type A
Spyware,5,d5db4,NEW@<module>@Malware.py_slice.py,Full Attack Chain,Core Attack Chain,slice extract unfully,Type H
Spyware,5,d5db4,NEW@<body>@Screenshot.py_slice.py,Core Attack Chain,Core Attack Chain,,Type H
Spyware,5,d5db4,NEW@<body>@FileHandler.py_slice.py,Undetermined,Undetermined,,None
Spyware,6,21e7f,NEW@<body>@WindowTracker.py_slice.py,Core Attack Chain,Core Attack Chain,,Type H
Spyware,6,21e7f,NEW@<body>@keylogger.py_slice.py,Core Attack Chain,Core Attack Chain,,Type H
Spyware,6,21e7f,<module>@command_test.py_slice.py,SAME AS BEFORE,SAME AS BEFORE,,
Spyware,6,21e7f,NEW@<body>@Malware.py_slice.py,Core Attack Chain,Core Attack Chain,,Type H
Spyware,6,21e7f,NEW@<body>@Configuration.py_slice.py,Core Attack Chain,Core Attack Chain,,Type H
Spyware,6,21e7f,NEW@<module>@Malware.py_slice.py,Full Attack Chain,Core Attack Chain,slice extract unfully,Type H
Spyware,7,47253,NEW@<body>@WindowTracker.py_slice.py,Core Attack Chain,Core Attack Chain,,Type H
Spyware,7,47253,<body>@Configuration.py_slice.py,SAME AS BEFORE,SAME AS BEFORE,,
Spyware,7,47253,NEW@<body>@keylogger.py_slice.py,Core Attack Chain,Core Attack Chain,,Type H
Spyware,7,47253,<module>@command_test.py_slice.py,SAME AS BEFORE,SAME AS BEFORE,,
Spyware,7,47253,NEW@<body>@Malware.py_slice.py,Core Attack Chain,Core Attack Chain,,Type H
Spyware,7,47253,NEW@<module>@Malware.py_slice.py,Full Attack Chain,Core Attack Chain,slice extract unfully,Type H
Spyware,7,47253,NEW@<module>@FileHandler.py_slice.py,Undetermined,Undetermined,,None
Spyware,8,3bac0,<module>@Malware.py_slice.py,SAME AS BEFORE,SAME AS BEFORE,,
Spyware,8,3bac0,<body>@keylogger.py_slice.py,SAME AS BEFORE,SAME AS BEFORE,,
Spyware,8,3bac0,<body>@Configuration.py_slice.py,SAME AS BEFORE,SAME AS BEFORE,,
Spyware,8,3bac0,<module>@command_test.py_slice.py,SAME AS BEFORE,SAME AS BEFORE,,
Spyware,8,3bac0,<body>@WindowTracker.py_slice.py,SAME AS BEFORE,SAME AS BEFORE,,
Spyware,8,3bac0,<body>@Malware.py_slice.py,SAME AS BEFORE,SAME AS BEFORE,,
Spyware,9,401eb,NEW@<body>@WindowTracker.py_slice.py,Core Attack Chain,Core Attack Chain,,Type H
Spyware,9,401eb,NEW@executeShellCommand@Util.py_slice.py,Undetermined,Undetermined,,None
Spyware,9,401eb,<body>@Configuration.py_slice.py,SAME AS BEFORE,SAME AS BEFORE,,
Spyware,9,401eb,NEW@<body>@keylogger.py_slice.py,Core Attack Chain,Core Attack Chain,,Type H
Spyware,9,401eb,NEW@<body>@Malware.py_slice.py,Core Attack Chain,Core Attack Chain,,Type H
Spyware,9,401eb,NEW@<module>@Malware.py_slice.py,Full Attack Chain,Core Attack Chain,slice extract unfully,Type H
Spyware,10,132bd,NEW@<body>@WindowTracker.py_slice.py,Core Attack Chain,Core Attack Chain,,Type H
Spyware,10,132bd,NEW@executeShellCommand@Util.py_slice.py,Undetermined,Undetermined,,None
Spyware,10,132bd,NEW@<body>@keylogger.py_slice.py,Core Attack Chain,Core Attack Chain,,Type H
Spyware,10,132bd,NEW@<body>@Malware.py_slice.py,Core Attack Chain,Core Attack Chain,,Type H
Spyware,10,132bd,NEW@<body>@Configuration.py_slice.py,Core Attack Chain,Core Attack Chain,,Type H
Spyware,10,132bd,NEW@<module>@json_test.py_slice.py,Benign,Benign,,None
Spyware,10,132bd,NEW@<module>@Malware.py_slice.py,Full Attack Chain,Core Attack Chain,slice extract unfully,Type H
Spyware,11,e9d43,NEW@<body>@WindowTracker.py_slice.py,Core Attack Chain,Core Attack Chain,,Type H
Spyware,11,e9d43,NEW@executeShellCommand@Util.py_slice.py,Undetermined,Undetermined,,None
Spyware,11,e9d43,NEW@<body>@keylogger.py_slice.py,Core Attack Chain,Core Attack Chain,,Type H
Spyware,11,e9d43,NEW@<body>@Malware.py_slice.py,Core Attack Chain,Core Attack Chain,,Type H
Spyware,11,e9d43,NEW@<body>@Configuration.py_slice.py,Core Attack Chain,Core Attack Chain,,Type H
Spyware,11,e9d43,<module>@json_test.py_slice.py,SAME AS BEFORE,SAME AS BEFORE,,
Spyware,11,e9d43,NEW@<module>@Malware.py_slice.py,Full Attack Chain,Core Attack Chain,slice extract unfully,Type H
Spyware,11,e9d43,NEW@<module>@Communication.py_slice.py,Core Attack Chain,Core Attack Chain,,Type H
Spyware,11,e9d43,NEW@<body>@Communication.py_slice.py,Undetermined,Undetermined,,None
Spyware,12,c1f3c,NEW@<body>@WindowTracker.py_slice.py,Core Attack Chain,Core Attack Chain,,Type H
Spyware,12,c1f3c,NEW@<body>@keylogger.py_slice.py,Core Attack Chain,Core Attack Chain,,Type H
Spyware,12,c1f3c,NEW@<body>@Malware.py_slice.py,Core Attack Chain,Core Attack Chain,,Type H
Spyware,12,c1f3c,executeShellCommand@Util.py_slice.py,SAME AS BEFORE,SAME AS BEFORE,,
Spyware,12,c1f3c,NEW@<body>@Configuration.py_slice.py,Core Attack Chain,Core Attack Chain,,Type H
Spyware,12,c1f3c,<module>@json_test.py_slice.py,SAME AS BEFORE,SAME AS BEFORE,,
Spyware,12,c1f3c,NEW@<module>@Malware.py_slice.py,Full Attack Chain,Core Attack Chain,slice extract unfully,Type H
Spyware,12,c1f3c,NEW@<module>@Communication.py_slice.py,Core Attack Chain,Core Attack Chain,,Type H
Spyware,12,c1f3c,NEW@<body>@Communication.py_slice.py,Undetermined,Undetermined,,None
Spyware,13,ba54c,<module>@Malware.py_slice.py,SAME AS BEFORE,SAME AS BEFORE,,
Spyware,13,ba54c,<body>@keylogger.py_slice.py,SAME AS BEFORE,SAME AS BEFORE,,
Spyware,13,ba54c,<body>@Configuration.py_slice.py,SAME AS BEFORE,SAME AS BEFORE,,
Spyware,13,ba54c,<body>@WindowTracker.py_slice.py,SAME AS BEFORE,SAME AS BEFORE,,
Spyware,13,ba54c,executeShellCommand@Util.py_slice.py,SAME AS BEFORE,SAME AS BEFORE,,
Spyware,13,ba54c,<module>@Communication.py_slice.py,SAME AS BEFORE,SAME AS BEFORE,,
Spyware,13,ba54c,<module>@json_test.py_slice.py,SAME AS BEFORE,SAME AS BEFORE,,
Spyware,13,ba54c,<body>@Malware.py_slice.py,SAME AS BEFORE,SAME AS BEFORE,,
Spyware,13,ba54c,NEW@<body>@Communication.py_slice.py,Undetermined,Undetermined,,None
Spyware,14,63413,<body>@keylogger.py_slice.py,SAME AS BEFORE,SAME AS BEFORE,,
Spyware,14,63413,<body>@WindowTracker.py_slice.py,SAME AS BEFORE,SAME AS BEFORE,,
Spyware,14,63413,NEW@<body>@Malware.py_slice.py,Core Attack Chain,Core Attack Chain,,Type H
Spyware,14,63413,executeShellCommand@Util.py_slice.py,SAME AS BEFORE,SAME AS BEFORE,,
Spyware,14,63413,NEW@<body>@Configuration.py_slice.py,Core Attack Chain,Core Attack Chain,,Type H
Spyware,14,63413,<module>@json_test.py_slice.py,SAME AS BEFORE,SAME AS BEFORE,,
Spyware,14,63413,<body>@Communication.py_slice.py,SAME AS BEFORE,SAME AS BEFORE,,
Spyware,14,63413,NEW@<module>@Malware.py_slice.py,Full Attack Chain,Core Attack Chain,slice extract unfully,Type H
Spyware,14,63413,NEW@<module>@Communication.py_slice.py,Undetermined,Undetermined,,None
Spyware,15,4ff70,NEW@<body>@WindowTracker.py_slice.py,Core Attack Chain,Core Attack Chain,,Type H
Spyware,15,4ff70,NEW@<module>@Configuration.py_slice.py,Core Attack Chain,Core Attack Chain,,Type H
Spyware,15,4ff70,NEW@executeShellCommand@Util.py_slice.py,Undetermined,Undetermined,,None
Spyware,15,4ff70,NEW@<body>@keylogger.py_slice.py,Core Attack Chain,Core Attack Chain,,Type H
Spyware,15,4ff70,NEW@<body>@Malware.py_slice.py,Core Attack Chain,Core Attack Chain,,Type H
Spyware,15,4ff70,NEW@<body>@Configuration.py_slice.py,Core Attack Chain,Core Attack Chain,,Type H
Spyware,15,4ff70,<module>@json_test.py_slice.py,SAME AS BEFORE,SAME AS BEFORE,,
Spyware,15,4ff70,NEW@<module>@Malware.py_slice.py,Full Attack Chain,Core Attack Chain,slice extract unfully,Type H
Spyware,15,4ff70,NEW@<module>@Communication.py_slice.py,Core Attack Chain,Core Attack Chain,,Type J
Spyware,15,4ff70,NEW@<body>@Communication.py_slice.py,Undetermined,Undetermined,,None
Spyware,16,1d8cd,<body>@keylogger.py_slice.py,SAME AS BEFORE,SAME AS BEFORE,,
Spyware,16,1d8cd,NEW@<module>@Configuration.py_slice.py,Core Attack Chain,Core Attack Chain,,Type H
Spyware,16,1d8cd,<body>@WindowTracker.py_slice.py,SAME AS BEFORE,SAME AS BEFORE,,
Spyware,16,1d8cd,NEW@<body>@Malware.py_slice.py,Core Attack Chain,Core Attack Chain,,Type H
Spyware,16,1d8cd,executeShellCommand@Util.py_slice.py,SAME AS BEFORE,SAME AS BEFORE,,
Spyware,16,1d8cd,NEW@<body>@Configuration.py_slice.py,Core Attack Chain,Core Attack Chain,,Type H
Spyware,16,1d8cd,<module>@json_test.py_slice.py,SAME AS BEFORE,SAME AS BEFORE,,
Spyware,16,1d8cd,<body>@Communication.py_slice.py,SAME AS BEFORE,SAME AS BEFORE,,
Spyware,16,1d8cd,NEW@<module>@Malware.py_slice.py,Full Attack Chain,Core Attack Chain,slice extract unfully,Type H
Spyware,16,1d8cd,NEW@<module>@Communication.py_slice.py,Core Attack Chain,Core Attack Chain,,Type H
Spyware,17,7c2d0,<body>@keylogger.py_slice.py,SAME AS BEFORE,SAME AS BEFORE,,
Spyware,17,7c2d0,NEW@<module>@Configuration.py_slice.py,Core Attack Chain,Core Attack Chain,,Type H
Spyware,17,7c2d0,<body>@WindowTracker.py_slice.py,SAME AS BEFORE,SAME AS BEFORE,,
Spyware,17,7c2d0,NEW@<body>@Malware.py_slice.py,Core Attack Chain,Core Attack Chain,,Type H
Spyware,17,7c2d0,executeShellCommand@Util.py_slice.py,SAME AS BEFORE,SAME AS BEFORE,,
Spyware,17,7c2d0,NEW@<body>@Configuration.py_slice.py,Core Attack Chain,Core Attack Chain,,Type H
Spyware,17,7c2d0,<module>@json_test.py_slice.py,SAME AS BEFORE,SAME AS BEFORE,,
Spyware,17,7c2d0,<body>@Communication.py_slice.py,SAME AS BEFORE,SAME AS BEFORE,,
Spyware,17,7c2d0,NEW@<module>@Malware.py_slice.py,Full Attack Chain,Core Attack Chain,slice extract unfully,Type H
Spyware,17,7c2d0,NEW@<module>@Communication.py_slice.py,Core Attack Chain,Core Attack Chain,,Type J
Spyware,18,34e7a,<body>@Configuration.py_slice.py,SAME AS BEFORE,SAME AS BEFORE,,
Spyware,18,34e7a,NEW@<body>@keylogger.py_slice.py,Core Attack Chain,Core Attack Chain,,Type H
Spyware,18,34e7a,<body>@WindowTracker.py_slice.py,SAME AS BEFORE,SAME AS BEFORE,,
Spyware,18,34e7a,NEW@<body>@Malware.py_slice.py,Core Attack Chain,Core Attack Chain,,Type H
Spyware,18,34e7a,<module>@Configuration.py_slice.py,SAME AS BEFORE,SAME AS BEFORE,,
Spyware,18,34e7a,executeShellCommand@Util.py_slice.py,SAME AS BEFORE,SAME AS BEFORE,,
Spyware,18,34e7a,<module>@Communication.py_slice.py,SAME AS BEFORE,SAME AS BEFORE,,
Spyware,18,34e7a,<module>@json_test.py_slice.py,SAME AS BEFORE,SAME AS BEFORE,,
Spyware,18,34e7a,<body>@Communication.py_slice.py,SAME AS BEFORE,SAME AS BEFORE,,
Spyware,18,34e7a,NEW@<module>@Malware.py_slice.py,Full Attack Chain,Core Attack Chain,slice extract unfully,Type H
Spyware,19,ce1f8,<module>@Malware.py_slice.py,SAME AS BEFORE,SAME AS BEFORE,,
Spyware,19,ce1f8,<body>@Configuration.py_slice.py,SAME AS BEFORE,SAME AS BEFORE,,
Spyware,19,ce1f8,NEW@<body>@keylogger.py_slice.py,Core Attack Chain,Core Attack Chain,,Type H
Spyware,19,ce1f8,<body>@WindowTracker.py_slice.py,SAME AS BEFORE,SAME AS BEFORE,,
Spyware,19,ce1f8,<module>@Configuration.py_slice.py,SAME AS BEFORE,SAME AS BEFORE,,
Spyware,19,ce1f8,executeShellCommand@Util.py_slice.py,SAME AS BEFORE,SAME AS BEFORE,,
Spyware,19,ce1f8,<module>@Communication.py_slice.py,SAME AS BEFORE,SAME AS BEFORE,,
Spyware,19,ce1f8,<module>@json_test.py_slice.py,SAME AS BEFORE,SAME AS BEFORE,,
Spyware,19,ce1f8,<body>@Communication.py_slice.py,SAME AS BEFORE,SAME AS BEFORE,,
Spyware,19,ce1f8,<body>@Malware.py_slice.py,SAME AS BEFORE,SAME AS BEFORE,,
Spyware,20,46db8,<module>@Malware.py_slice.py,SAME AS BEFORE,SAME AS BEFORE,,
Spyware,20,46db8,<body>@Configuration.py_slice.py,SAME AS BEFORE,SAME AS BEFORE,,
Spyware,20,46db8,NEW@<body>@keylogger.py_slice.py,Core Attack Chain,Core Attack Chain,,Type H
Spyware,20,46db8,<body>@WindowTracker.py_slice.py,SAME AS BEFORE,SAME AS BEFORE,,
Spyware,20,46db8,<module>@Configuration.py_slice.py,SAME AS BEFORE,SAME AS BEFORE,,
Spyware,20,46db8,executeShellCommand@Util.py_slice.py,SAME AS BEFORE,SAME AS BEFORE,,
Spyware,20,46db8,<module>@Communication.py_slice.py,SAME AS BEFORE,SAME AS BEFORE,,
Spyware,20,46db8,<module>@json_test.py_slice.py,SAME AS BEFORE,SAME AS BEFORE,,
Spyware,20,46db8,<body>@Communication.py_slice.py,SAME AS BEFORE,SAME AS BEFORE,,
Spyware,20,46db8,<body>@Malware.py_slice.py,SAME AS BEFORE,SAME AS BEFORE,,
Spyware,21,30e5c,<module>@Malware.py_slice.py,SAME AS BEFORE,SAME AS BEFORE,,
Spyware,21,30e5c,<body>@Configuration.py_slice.py,SAME AS BEFORE,SAME AS BEFORE,,
Spyware,21,30e5c,NEW@<body>@keylogger.py_slice.py,Core Attack Chain,Core Attack Chain,,Type H
Spyware,21,30e5c,<body>@WindowTracker.py_slice.py,SAME AS BEFORE,SAME AS BEFORE,,
Spyware,21,30e5c,<module>@Configuration.py_slice.py,SAME AS BEFORE,SAME AS BEFORE,,
Spyware,21,30e5c,executeShellCommand@Util.py_slice.py,SAME AS BEFORE,SAME AS BEFORE,,
Spyware,21,30e5c,<module>@Communication.py_slice.py,SAME AS BEFORE,SAME AS BEFORE,,
Spyware,21,30e5c,<module>@json_test.py_slice.py,SAME AS BEFORE,SAME AS BEFORE,,
Spyware,21,30e5c,<body>@Communication.py_slice.py,SAME AS BEFORE,SAME AS BEFORE,,
Spyware,21,30e5c,<body>@Malware.py_slice.py,SAME AS BEFORE,SAME AS BEFORE,,
Spyware,22,3700c,<module>@Malware.py_slice.py,SAME AS BEFORE,SAME AS BEFORE,,
Spyware,22,3700c,<body>@Configuration.py_slice.py,SAME AS BEFORE,SAME AS BEFORE,,
Spyware,22,3700c,NEW@<body>@keylogger.py_slice.py,Core Attack Chain,Core Attack Chain,,Type H
Spyware,22,3700c,<body>@WindowTracker.py_slice.py,SAME AS BEFORE,SAME AS BEFORE,,
Spyware,22,3700c,<module>@Configuration.py_slice.py,SAME AS BEFORE,SAME AS BEFORE,,
Spyware,22,3700c,executeShellCommand@Util.py_slice.py,SAME AS BEFORE,SAME AS BEFORE,,
Spyware,22,3700c,<module>@Communication.py_slice.py,SAME AS BEFORE,SAME AS BEFORE,,
Spyware,22,3700c,<module>@json_test.py_slice.py,SAME AS BEFORE,SAME AS BEFORE,,
Spyware,22,3700c,<body>@Communication.py_slice.py,SAME AS BEFORE,SAME AS BEFORE,,
Spyware,22,3700c,<body>@Malware.py_slice.py,SAME AS BEFORE,SAME AS BEFORE,,
Spyware,23,5f55f,NEW@<body>@WindowTracker.py_slice.py,Core Attack Chain,Core Attack Chain,,Type H
Spyware,23,5f55f,<body>@keylogger.py_slice.py,SAME AS BEFORE,SAME AS BEFORE,,
Spyware,23,5f55f,<body>@Configuration.py_slice.py,SAME AS BEFORE,SAME AS BEFORE,,
Spyware,23,5f55f,NEW@<body>@Malware.py_slice.py,Core Attack Chain,Core Attack Chain,,Type H
Spyware,23,5f55f,<module>@Configuration.py_slice.py,SAME AS BEFORE,SAME AS BEFORE,,
Spyware,23,5f55f,executeShellCommand@Util.py_slice.py,SAME AS BEFORE,SAME AS BEFORE,,
Spyware,23,5f55f,<module>@Communication.py_slice.py,SAME AS BEFORE,SAME AS BEFORE,,
Spyware,23,5f55f,<module>@json_test.py_slice.py,SAME AS BEFORE,SAME AS BEFORE,,
Spyware,23,5f55f,<body>@Communication.py_slice.py,SAME AS BEFORE,SAME AS BEFORE,,
Spyware,23,5f55f,NEW@<module>@Malware.py_slice.py,Full Attack Chain,Core Attack Chain,slice extract unfully,Type H
Spyware,24,93974,<module>@Malware.py_slice.py,SAME AS BEFORE,SAME AS BEFORE,,
Spyware,24,93974,<body>@Configuration.py_slice.py,SAME AS BEFORE,SAME AS BEFORE,,
Spyware,24,93974,NEW@<body>@keylogger.py_slice.py,Core Attack Chain,Core Attack Chain,,Type H
Spyware,24,93974,<body>@WindowTracker.py_slice.py,SAME AS BEFORE,SAME AS BEFORE,,
Spyware,24,93974,<module>@Configuration.py_slice.py,SAME AS BEFORE,SAME AS BEFORE,,
Spyware,24,93974,executeShellCommand@Util.py_slice.py,SAME AS BEFORE,SAME AS BEFORE,,
Spyware,24,93974,<module>@Communication.py_slice.py,SAME AS BEFORE,SAME AS BEFORE,,
Spyware,24,93974,<module>@json_test.py_slice.py,SAME AS BEFORE,SAME AS BEFORE,,
Spyware,24,93974,<body>@Communication.py_slice.py,SAME AS BEFORE,SAME AS BEFORE,,
Spyware,24,93974,<body>@Malware.py_slice.py,SAME AS BEFORE,SAME AS BEFORE,,
Spyware,25,3b7d3,NEW@<body>@WindowTracker.py_slice.py,Core Attack Chain,Core Attack Chain,,Type H
Spyware,25,3b7d3,<body>@Configuration.py_slice.py,SAME AS BEFORE,SAME AS BEFORE,,
Spyware,25,3b7d3,NEW@<body>@keylogger.py_slice.py,Core Attack Chain,Core Attack Chain,,Type H
Spyware,25,3b7d3,NEW@<body>@Malware.py_slice.py,Core Attack Chain,Core Attack Chain,,Type H
Spyware,25,3b7d3,<module>@Configuration.py_slice.py,SAME AS BEFORE,SAME AS BEFORE,,
Spyware,25,3b7d3,<module>@json_test.py_slice.py,SAME AS BEFORE,SAME AS BEFORE,,
Spyware,25,3b7d3,NEW@<module>@Malware.py_slice.py,Full Attack Chain,Core Attack Chain,slice extract unfully,Type H
Spyware,25,3b7d3,NEW@<module>@Communication.py_slice.py,Core Attack Chain,Core Attack Chain,,Type H
Spyware,25,3b7d3,NEW@<body>@Communication.py_slice.py,Core Attack Chain,Core Attack Chain,,Type B
Spyware,26,e91fb,NEW@<body>@WindowTracker.py_slice.py,Core Attack Chain,Core Attack Chain,,Type H
Spyware,26,e91fb,<body>@Configuration.py_slice.py,SAME AS BEFORE,SAME AS BEFORE,,
Spyware,26,e91fb,NEW@<body>@keylogger.py_slice.py,Core Attack Chain,Core Attack Chain,,Type H
Spyware,26,e91fb,NEW@<body>@Malware.py_slice.py,Core Attack Chain,Core Attack Chain,,Type H
Spyware,26,e91fb,<module>@Configuration.py_slice.py,SAME AS BEFORE,SAME AS BEFORE,,
Spyware,26,e91fb,<module>@Communication.py_slice.py,SAME AS BEFORE,SAME AS BEFORE,,
Spyware,26,e91fb,<module>@json_test.py_slice.py,SAME AS BEFORE,SAME AS BEFORE,,
Spyware,26,e91fb,NEW@<module>@Malware.py_slice.py,Full Attack Chain,Core Attack Chain,slice extract unfully,Type H
Spyware,26,e91fb,NEW@<body>@Communication.py_slice.py,Core Attack Chain,Core Attack Chain,,Type B
Spyware,27,2498b,NEW@<body>@WindowTracker.py_slice.py,Core Attack Chain,Core Attack Chain,,Type H
Spyware,27,2498b,NEW@<module>@Configuration.py_slice.py,Core Attack Chain,Core Attack Chain,,Type H
Spyware,27,2498b,NEW@<body>@keylogger.py_slice.py,Core Attack Chain,Core Attack Chain,,Type H
Spyware,27,2498b,NEW@<body>@Malware.py_slice.py,Core Attack Chain,Core Attack Chain,,Type H
Spyware,27,2498b,NEW@<body>@Configuration.py_slice.py,Core Attack Chain,Core Attack Chain,,Type H
Spyware,27,2498b,<module>@json_test.py_slice.py,SAME AS BEFORE,SAME AS BEFORE,,
Spyware,27,2498b,NEW@<module>@Malware.py_slice.py,Full Attack Chain,Core Attack Chain,slice extract unfully,Type H
Spyware,27,2498b,NEW@<module>@Communication.py_slice.py,Core Attack Chain,Core Attack Chain,,Type J
Spyware,27,2498b,NEW@<body>@Communication.py_slice.py,Core Attack Chain,Core Attack Chain,,Type B
Spyware,28,9edb2,<module>@Malware.py_slice.py,SAME AS BEFORE,SAME AS BEFORE,,
Spyware,28,9edb2,<body>@Configuration.py_slice.py,SAME AS BEFORE,SAME AS BEFORE,,
Spyware,28,9edb2,NEW@<body>@keylogger.py_slice.py,Core Attack Chain,Core Attack Chain,,Type A
Spyware,28,9edb2,<body>@WindowTracker.py_slice.py,SAME AS BEFORE,SAME AS BEFORE,,
Spyware,28,9edb2,<module>@Configuration.py_slice.py,SAME AS BEFORE,SAME AS BEFORE,,
Spyware,28,9edb2,<module>@Communication.py_slice.py,SAME AS BEFORE,SAME AS BEFORE,,
Spyware,28,9edb2,<module>@json_test.py_slice.py,SAME AS BEFORE,SAME AS BEFORE,,
Spyware,28,9edb2,<body>@Malware.py_slice.py,SAME AS BEFORE,SAME AS BEFORE,,
Spyware,28,9edb2,NEW@<body>@Communication.py_slice.py,Core Attack Chain,Core Attack Chain,,Type B
Spyware,29,8e66b,NEW@<body>@WindowTracker.py_slice.py,Core Attack Chain,Core Attack Chain,,Type H
Spyware,29,8e66b,NEW@<module>@Configuration.py_slice.py,Core Attack Chain,Core Attack Chain,,Type A
Spyware,29,8e66b,NEW@<body>@keylogger.py_slice.py,Core Attack Chain,Core Attack Chain,,Type H
Spyware,29,8e66b,NEW@<body>@Malware.py_slice.py,Core Attack Chain,Core Attack Chain,,Type H
Spyware,29,8e66b,NEW@<body>@Configuration.py_slice.py,Core Attack Chain,Core Attack Chain,,Type A
Spyware,29,8e66b,<module>@json_test.py_slice.py,SAME AS BEFORE,SAME AS BEFORE,,
Spyware,29,8e66b,NEW@<module>@Malware.py_slice.py,Full Attack Chain,Core Attack Chain,slice extract unfully,Type H
Spyware,29,8e66b,NEW@<body>@Communication.py_slice.py,Core Attack Chain,Core Attack Chain,,Type A
Spyware,30,318c9,NEW@<body>@WindowTracker.py_slice.py,Core Attack Chain,Core Attack Chain,,Type H
Spyware,30,318c9,<body>@Configuration.py_slice.py,SAME AS BEFORE,SAME AS BEFORE,,
Spyware,30,318c9,NEW@<body>@keylogger.py_slice.py,Core Attack Chain,Core Attack Chain,,Type A
Spyware,30,318c9,NEW@<body>@Malware.py_slice.py,Core Attack Chain,Core Attack Chain,,Type H
Spyware,30,318c9,<module>@Configuration.py_slice.py,SAME AS BEFORE,SAME AS BEFORE,,
Spyware,30,318c9,<module>@json_test.py_slice.py,SAME AS BEFORE,SAME AS BEFORE,,
Spyware,30,318c9,NEW@<module>@Malware.py_slice.py,Full Attack Chain,Core Attack Chain,slice extract unfully,Type H
Spyware,30,318c9,NEW@<body>@Communication.py_slice.py,Core Attack Chain,Core Attack Chain,,Type B
Spyware,31,e87c6,NEW@<body>@WindowTracker.py_slice.py,Core Attack Chain,Core Attack Chain,,Type H
Spyware,31,e87c6,<body>@Configuration.py_slice.py,SAME AS BEFORE,SAME AS BEFORE,,
Spyware,31,e87c6,NEW@<body>@keylogger.py_slice.py,Core Attack Chain,Core Attack Chain,,Type H
Spyware,31,e87c6,NEW@<body>@Malware.py_slice.py,Core Attack Chain,Core Attack Chain,,Type H
Spyware,31,e87c6,<module>@Configuration.py_slice.py,SAME AS BEFORE,SAME AS BEFORE,,
Spyware,31,e87c6,<module>@json_test.py_slice.py,SAME AS BEFORE,SAME AS BEFORE,,
Spyware,31,e87c6,NEW@<module>@Malware.py_slice.py,Full Attack Chain,Core Attack Chain,slice extract unfully,Type H
Spyware,31,e87c6,NEW@<body>@Communication.py_slice.py,Core Attack Chain,Core Attack Chain,,Type H
Spyware,32,e5c24,<body>@keylogger.py_slice.py,SAME AS BEFORE,SAME AS BEFORE,,
Spyware,32,e5c24,NEW@<module>@Configuration.py_slice.py,Core Attack Chain,Core Attack Chain,,Type A
Spyware,32,e5c24,<body>@WindowTracker.py_slice.py,SAME AS BEFORE,SAME AS BEFORE,,
Spyware,32,e5c24,NEW@<body>@Malware.py_slice.py,Core Attack Chain,Core Attack Chain,,Type H
Spyware,32,e5c24,NEW@<body>@Configuration.py_slice.py,Core Attack Chain,Core Attack Chain,,Type A
Spyware,32,e5c24,<module>@json_test.py_slice.py,SAME AS BEFORE,SAME AS BEFORE,,
Spyware,32,e5c24,<body>@Communication.py_slice.py,SAME AS BEFORE,SAME AS BEFORE,,
Spyware,32,e5c24,NEW@<module>@Malware.py_slice.py,Full Attack Chain,Core Attack Chain,slice extract unfully,Type H
Spyware,33,99ba2,NEW@<body>@WindowTracker.py_slice.py,Core Attack Chain,Core Attack Chain,,Type H
Spyware,33,99ba2,NEW@<body>@keylogger.py_slice.py,Core Attack Chain,Core Attack Chain,,Type H
Spyware,33,99ba2,NEW@<body>@Malware.py_slice.py,Core Attack Chain,Core Attack Chain,,Type H
Spyware,33,99ba2,NEW@<body>@Configuration.py_slice.py,Core Attack Chain,Core Attack Chain,,Type B
Spyware,33,99ba2,<module>@json_test.py_slice.py,SAME AS BEFORE,SAME AS BEFORE,,
Spyware,33,99ba2,NEW@<module>@Malware.py_slice.py,Full Attack Chain,Core Attack Chain,slice extract unfully,Type H
Spyware,33,99ba2,NEW@<body>@Communication.py_slice.py,Core Attack Chain,Core Attack Chain,,Type A
Spyware,34,5d92e,<body>@Configuration.py_slice.py,SAME AS BEFORE,SAME AS BEFORE,,
Spyware,34,5d92e,NEW@<body>@keylogger.py_slice.py,Core Attack Chain,Core Attack Chain,,Type H
Spyware,34,5d92e,<body>@WindowTracker.py_slice.py,SAME AS BEFORE,SAME AS BEFORE,,
Spyware,34,5d92e,NEW@<body>@Malware.py_slice.py,Core Attack Chain,Core Attack Chain,,Type H
Spyware,34,5d92e,<module>@json_test.py_slice.py,SAME AS BEFORE,SAME AS BEFORE,,
Spyware,34,5d92e,NEW@<module>@Malware.py_slice.py,Full Attack Chain,Core Attack Chain,slice extract unfully,Type H
Spyware,34,5d92e,NEW@<body>@Communication.py_slice.py,Core Attack Chain,Core Attack Chain,,Type A
Spyware,35,a240a,<body>@Configuration.py_slice.py,SAME AS BEFORE,SAME AS BEFORE,,
Spyware,35,a240a,NEW@<body>@keylogger.py_slice.py,Core Attack Chain,Core Attack Chain,,Type H
Spyware,35,a240a,<body>@WindowTracker.py_slice.py,SAME AS BEFORE,SAME AS BEFORE,,
Spyware,35,a240a,NEW@<body>@Malware.py_slice.py,Core Attack Chain,Core Attack Chain,,Type H
Spyware,35,a240a,<module>@json_test.py_slice.py,SAME AS BEFORE,SAME AS BEFORE,,
Spyware,35,a240a,NEW@<module>@Malware.py_slice.py,Full Attack Chain,Core Attack Chain,slice extract unfully,Type H
Spyware,35,a240a,NEW@<body>@Communication.py_slice.py,Core Attack Chain,Core Attack Chain,,Type A
Spyware,36,3075f,<body>@Configuration.py_slice.py,SAME AS BEFORE,SAME AS BEFORE,,
Spyware,36,3075f,NEW@<body>@keylogger.py_slice.py,Core Attack Chain,Core Attack Chain,,Type H
Spyware,36,3075f,<body>@WindowTracker.py_slice.py,SAME AS BEFORE,SAME AS BEFORE,,
Spyware,36,3075f,NEW@<body>@Malware.py_slice.py,Core Attack Chain,Core Attack Chain,,Type B
Spyware,36,3075f,<module>@json_test.py_slice.py,SAME AS BEFORE,SAME AS BEFORE,,
Spyware,36,3075f,NEW@<module>@Malware.py_slice.py,Full Attack Chain,Core Attack Chain,slice extract unfully,Type H
Spyware,36,3075f,NEW@<body>@Communication.py_slice.py,Core Attack Chain,Core Attack Chain,,Type A
Spyware,37,bfadb,<module>@Malware.py_slice.py,SAME AS BEFORE,SAME AS BEFORE,,
Spyware,37,bfadb,<body>@Configuration.py_slice.py,SAME AS BEFORE,SAME AS BEFORE,,
Spyware,37,bfadb,NEW@<body>@keylogger.py_slice.py,Core Attack Chain,Core Attack Chain,,Type H
Spyware,37,bfadb,<body>@WindowTracker.py_slice.py,SAME AS BEFORE,SAME AS BEFORE,,
Spyware,37,bfadb,<module>@json_test.py_slice.py,SAME AS BEFORE,SAME AS BEFORE,,
Spyware,37,bfadb,<body>@Malware.py_slice.py,SAME AS BEFORE,SAME AS BEFORE,,
Spyware,37,bfadb,NEW@<body>@Communication.py_slice.py,Core Attack Chain,Core Attack Chain,,Type A
Spyware,38,d1598,NEW@<body>@WindowTracker.py_slice.py,Core Attack Chain,Core Attack Chain,,Type H
Spyware,38,d1598,<body>@Configuration.py_slice.py,SAME AS BEFORE,SAME AS BEFORE,,
Spyware,38,d1598,NEW@<body>@keylogger.py_slice.py,Core Attack Chain,Core Attack Chain,,Type H
Spyware,38,d1598,NEW@<body>@Malware.py_slice.py,Core Attack Chain,Core Attack Chain,,Type H
Spyware,38,d1598,<module>@json_test.py_slice.py,SAME AS BEFORE,SAME AS BEFORE,,
Spyware,38,d1598,NEW@<module>@Malware.py_slice.py,Full Attack Chain,Core Attack Chain,slice extract unfully,Type H
Spyware,38,d1598,NEW@<body>@Communication.py_slice.py,Core Attack Chain,Core Attack Chain,,Type A
Spyware,39,d6c88,<module>@Malware.py_slice.py,SAME AS BEFORE,SAME AS BEFORE,,
Spyware,39,d6c88,<body>@Configuration.py_slice.py,SAME AS BEFORE,SAME AS BEFORE,,
Spyware,39,d6c88,NEW@<body>@keylogger.py_slice.py,Core Attack Chain,Core Attack Chain,,Type H
Spyware,39,d6c88,<body>@WindowTracker.py_slice.py,SAME AS BEFORE,SAME AS BEFORE,,
Spyware,39,d6c88,<body>@Malware.py_slice.py,SAME AS BEFORE,SAME AS BEFORE,,
Spyware,39,d6c88,NEW@<body>@Communication.py_slice.py,Core Attack Chain,Core Attack Chain,,Type A
Spyware,40,dcccc,NEW@<body>@WindowTracker.py_slice.py,Core Attack Chain,Core Attack Chain,,Type H
Spyware,40,dcccc,NEW@<body>@keylogger.py_slice.py,Core Attack Chain,Core Attack Chain,,Type A
Spyware,40,dcccc,NEW@<body>@Malware.py_slice.py,Core Attack Chain,Core Attack Chain,,Type H
Spyware,40,dcccc,NEW@<body>@gui_Controller.py_slice.py,Core Attack Chain,Core Attack Chain,,Type B
Spyware,40,dcccc,NEW@<body>@Configuration.py_slice.py,Core Attack Chain,Core Attack Chain,,Type A
Spyware,40,dcccc,NEW@<module>@Malware.py_slice.py,Full Attack Chain,Core Attack Chain,slice extract unfully,Type H
Spyware,40,dcccc,NEW@<body>@Communication.py_slice.py,Core Attack Chain,Core Attack Chain,,Type A
Spyware,41,10f46,<body>@gui_Controller.py_slice.py,SAME AS BEFORE,SAME AS BEFORE,,
Spyware,41,10f46,NEW@<body>@WindowTracker.py_slice.py,Core Attack Chain,Core Attack Chain,,Type H
Spyware,41,10f46,NEW@<body>@keylogger.py_slice.py,Core Attack Chain,Core Attack Chain,,Type A
Spyware,41,10f46,NEW@<body>@Malware.py_slice.py,Core Attack Chain,Core Attack Chain,,Type H
Spyware,41,10f46,NEW@<body>@Configuration.py_slice.py,Core Attack Chain,Core Attack Chain,,Type A
Spyware,41,10f46,NEW@<module>@Malware.py_slice.py,Full Attack Chain,Core Attack Chain,slice extract unfully,Type H
Spyware,41,10f46,NEW@<body>@Communication.py_slice.py,Core Attack Chain,Core Attack Chain,,Type A
Spyware,42,1e7ec,<body>@gui_Controller.py_slice.py,SAME AS BEFORE,SAME AS BEFORE,,
Spyware,42,1e7ec,NEW@<body>@WindowTracker.py_slice.py,Core Attack Chain,Core Attack Chain,,Type H
Spyware,42,1e7ec,NEW@<body>@keylogger.py_slice.py,Core Attack Chain,Core Attack Chain,,Type H
Spyware,42,1e7ec,NEW@<body>@Malware.py_slice.py,Core Attack Chain,Core Attack Chain,,Type H
Spyware,42,1e7ec,NEW@<body>@Configuration.py_slice.py,Core Attack Chain,Core Attack Chain,,Type A
Spyware,42,1e7ec,NEW@<module>@Malware.py_slice.py,Full Attack Chain,Core Attack Chain,slice extract unfully,Type H
Spyware,42,1e7ec,NEW@<body>@Communication.py_slice.py,Core Attack Chain,Core Attack Chain,,Type A
Spyware,43,a444e,NEW@<body>@keylogger.py_slice.py,Core Attack Chain,Core Attack Chain,,Type H
Spyware,43,a444e,<body>@WindowTracker.py_slice.py,SAME AS BEFORE,SAME AS BEFORE,,
Spyware,43,a444e,NEW@<body>@Malware.py_slice.py,Core Attack Chain,Core Attack Chain,,Type H
Spyware,43,a444e,NEW@<body>@gui_Controller.py_slice.py,Core Attack Chain,Core Attack Chain,,Type B
Spyware,43,a444e,NEW@<body>@Configuration.py_slice.py,Core Attack Chain,Core Attack Chain,,Type A
Spyware,43,a444e,NEW@<module>@Malware.py_slice.py,Full Attack Chain,Core Attack Chain,slice extract unfully,Type H
Spyware,43,a444e,NEW@<body>@Communication.py_slice.py,Core Attack Chain,Core Attack Chain,,Type A
Spyware,44,9650a,<body>@gui_Controller.py_slice.py,SAME AS BEFORE,SAME AS BEFORE,,
Spyware,44,9650a,<module>@Malware.py_slice.py,SAME AS BEFORE,SAME AS BEFORE,,
Spyware,44,9650a,<body>@keylogger.py_slice.py,SAME AS BEFORE,SAME AS BEFORE,,
Spyware,44,9650a,<body>@Configuration.py_slice.py,SAME AS BEFORE,SAME AS BEFORE,,
Spyware,44,9650a,<body>@WindowTracker.py_slice.py,SAME AS BEFORE,SAME AS BEFORE,,
Spyware,44,9650a,<body>@Communication.py_slice.py,SAME AS BEFORE,SAME AS BEFORE,,
Spyware,44,9650a,<body>@Malware.py_slice.py,SAME AS BEFORE,SAME AS BEFORE,,
Spyware,45,0b18d,<body>@gui_Controller.py_slice.py,SAME AS BEFORE,SAME AS BEFORE,,
Spyware,45,0b18d,<module>@Malware.py_slice.py,SAME AS BEFORE,SAME AS BEFORE,,
Spyware,45,0b18d,<body>@keylogger.py_slice.py,SAME AS BEFORE,SAME AS BEFORE,,
Spyware,45,0b18d,<body>@WindowTracker.py_slice.py,SAME AS BEFORE,SAME AS BEFORE,,
Spyware,45,0b18d,NEW@<module>@gui_FileExplorer.py_slice.py,Undetermined,Undetermined,,None
Spyware,45,0b18d,NEW@WriteToFile@gui_FileExplorer.py_slice.py,Benign,Benign,,None
Spyware,45,0b18d,NEW@<body>@Configuration.py_slice.py,Core Attack Chain,Core Attack Chain,,Type A
Spyware,45,0b18d,<body>@Communication.py_slice.py,SAME AS BEFORE,SAME AS BEFORE,,
Spyware,45,0b18d,<body>@Malware.py_slice.py,SAME AS BEFORE,SAME AS BEFORE,,
Spyware,45,0b18d,NEW@DiscoverDirectory@gui_FileExplorer.py_slice.py,Undetermined,Undetermined,,None
Spyware,46,5c8bd,<body>@gui_Controller.py_slice.py,SAME AS BEFORE,SAME AS BEFORE,,
Spyware,46,5c8bd,<body>@Configuration.py_slice.py,SAME AS BEFORE,SAME AS BEFORE,,
Spyware,46,5c8bd,NEW@<body>@keylogger.py_slice.py,Core Attack Chain,Core Attack Chain,,Type H
Spyware,46,5c8bd,<body>@WindowTracker.py_slice.py,SAME AS BEFORE,SAME AS BEFORE,,
Spyware,46,5c8bd,NEW@<body>@Malware.py_slice.py,Core Attack Chain,Core Attack Chain,,Type H
Spyware,46,5c8bd,NEW@<module>@gui_FileExplorer.py_slice.py,Undetermined,Undetermined,,None
Spyware,46,5c8bd,NEW@WriteToFile@gui_FileExplorer.py_slice.py,Undetermined,Undetermined,,None
Spyware,46,5c8bd,NEW@<module>@Malware.py_slice.py,Full Attack Chain,Core Attack Chain,slice extract unfully,Type H
Spyware,46,5c8bd,NEW@DiscoverDirectory@gui_FileExplorer.py_slice.py,Undetermined,Undetermined,,None
Spyware,46,5c8bd,NEW@<body>@Communication.py_slice.py,Core Attack Chain,Core Attack Chain,,Type A
steal-all-files,0,6f698,NEW@<module>@script.py_slice.py,Benign,Benign,,None
steal-all-files,1,e34c0,NEW@<module>@script.py_slice.py,Benign,Benign,,None
steal-all-files,2,e5aa0,NEW@<module>@script.py_slice.py,Benign,Benign,,None
steal-all-files,3,9e1c8,NEW@<module>@script.py_slice.py,Benign,Benign,,None
steal-all-files,3,9e1c8,NEW@<body>@test_script.py_slice.py,Benign,Benign,,None
steal-all-files,4,208af,NEW@<module>@script.py_slice.py,Benign,Benign,,None
steal-all-files,4,208af,NEW@<body>@test_script.py_slice.py,Benign,Benign,,None
steal-all-files,5,63e70,NEW@<module>@script.py_slice.py,Benign,Benign,,None
steal-all-files,5,63e70,NEW@<body>@test_script.py_slice.py,Benign,Benign,,None
telegram_stealer,0,43aad,NEW@<module>@source_main.py_slice.py,Core Attack Chain,Core Attack Chain,,Type A
telegram_stealer,1,18b08,NEW@<module>@source_main.py_slice.py,Full Attack Chain,Full Attack Chain,,Type A
TheWeirdVirus,0,b118c,NEW@<module>@VirusLoop.py_slice.py,Core Attack Chain,Full Attack Chain,,Type K
TheWeirdVirus,1,da27e,NEW@<module>@VirusLoop.py_slice.py,Core Attack Chain,Full Attack Chain,K:execution chain broken,Type K
TheWeirdVirus,2,71a89,NEW@<module>@VirusLoop.py_slice.py,Core Attack Chain,Full Attack Chain,K:execution chain broken,Type K
TheWeirdVirus,3,eae2b,NEW@<module>@VirusLoop.py_slice.py,Core Attack Chain,Full Attack Chain,K:execution chain broken,Type K
TheWeirdVirus,4,f71c7,NEW@<module>@VirusLoop.py_slice.py,Core Attack Chain,Full Attack Chain,K:execution chain broken,Type K
TheWeirdVirus,5,e57d7,NEW@<module>@VirusLoop.py_slice.py,Core Attack Chain,Full Attack Chain,K:execution chain broken,Type K
TheWeirdVirus,6,60016,NEW@<module>@VirusLoop.py_slice.py,Core Attack Chain,Full Attack Chain,K:execution chain broken,Type K
TheWeirdVirus,7,f4649,<module>@VirusLoop.py_slice.py,SAME AS BEFORE,SAME AS BEFORE,,
Trojan,0,17412,NEW@<module>@trojan.py_slice.py,Full Attack Chain,Full Attack Chain,,Type B
Trojan,1,f1bbe,NEW@<module>@trojan.py_slice.py,Full Attack Chain,Full Attack Chain,,Type B
Trojan,2,aa1f3,NEW@<module>@trojan.py_slice.py,Full Attack Chain,Full Attack Chain,,Type B
virus,0,6b4dd,NEW@<module>@virus.py_slice.py,Benign,Benign,,None
virus,1,b3c2e,NEW@<module>@virus.py_slice.py,Benign,Benign,,None
virus,2,4c2c9,NEW@<module>@virus.py_slice.py,Full Attack Chain,Full Attack Chain,,Type D
virus,2,4c2c9,NEW@<module>@antivirus.py_slice.py,Benign,Benign,,None
virus,3,a9fa3,NEW@<module>@virus.py_slice.py,Full Attack Chain,Full Attack Chain,,Type D
virus,3,a9fa3,NEW@<module>@antivirus.py_slice.py,Benign,Benign,,None
virus,4,41627,<module>@virus.py_slice.py,SAME AS BEFORE,SAME AS BEFORE,,
virus,4,41627,NEW@<module>@antivirus.py_slice.py,Undetermined,Undetermined,,None
virus,5,3926d,NEW@<module>@virus.py_slice.py,Full Attack Chain,Full Attack Chain,,Type D
virus,5,3926d,NEW@<module>@antivirus.py_slice.py,Benign,Benign,,None
virus,6,336b5,NEW@<module>@virus.py_slice.py,Full Attack Chain,Full Attack Chain,,Type D
virus,6,336b5,NEW@<module>@antivirus.py_slice.py,Benign,Benign,,None
virus-chan,0,6fa9a,NEW@<module>@Viirused.py_slice.py,Undetermined,Undetermined,,None
virus-chan,1,42631,NEW@<module>@Viirused.py_slice.py,Undetermined,Undetermined,,None
virus-chan,2,79176,NEW@<module>@Viirused.py_slice.py,Full Attack Chain,Full Attack Chain,,Type F
virus-chan,3,dd198,NEW@<module>@Viirused.py_slice.py,Full Attack Chain,Full Attack Chain,,Type F
virus-chan,4,8d638,NEW@<module>@Viirused.py_slice.py,Full Attack Chain,Full Attack Chain,,Type F
Virus-Python,0,4eb33,NEW@<module>@gimme_money.py_slice.py,Benign,Benign,,None
Virus-Python,1,2742b,<module>@gimme_money.py_slice.py,SAME AS BEFORE,SAME AS BEFORE,,
Virus-Python,1,2742b,NEW@<module>@unlocker.py_slice.py,Core Attack Chain,Core Attack Chain,,Type C
Virus-Python,2,47c8f,NEW@<module>@gimme_money.py_slice.py,Core Attack Chain,Full Attack Chain,C:missing ransom note,Type C
Virus-Python,2,47c8f,NEW@<module>@unlocker.py_slice.py,Core Attack Chain,Core Attack Chain,,Type C
Virus-Python,3,d52ac,NEW@<module>@gimme_money.py_slice.py,Core Attack Chain,Full Attack Chain,C:missing ransom note,Type C
Virus-Python,4,95d00,NEW@<module>@gimme_money.py_slice.py,Undetermined,Undetermined,,None
Virus-Python,5,2884d,NEW@<module>@gimme_money.py_slice.py,Core Attack Chain,Core Attack Chain,,Type C
Virus-Python,5,2884d,NEW@<module>@unlocker.py_slice.py,Core Attack Chain,Core Attack Chain,,Type C
Virus-Python,6,a27ae,NEW@<module>@gimme_money.py_slice.py,Core Attack Chain,Core Attack Chain,,Type C
Virus-Python,6,a27ae,NEW@<module>@unlocker.py_slice.py,Benign,Benign,,None
virus-replicator,1,541e5,NEW@<module>@main.py_slice.py,Undetermined,Undetermined,,Type F
virus-replicator,2,31a52,<module>@main.py_slice.py,SAME AS BEFORE,SAME AS BEFORE,,
virus-replicator,3,f9d3f,<module>@main.py_slice.py,SAME AS BEFORE,SAME AS BEFORE,,
virus-replicator,4,18773,<module>@main.py_slice.py,SAME AS BEFORE,SAME AS BEFORE,,
virus-replicator,5,acf95,<module>@main.py_slice.py,SAME AS BEFORE,SAME AS BEFORE,,
virus-replicator,6,26c97,NEW@<module>@main.py_slice.py,Core Attack Chain,Core Attack Chain,,Type F
virus-replicator,7,01519,<module>@main.py_slice.py,SAME AS BEFORE,SAME AS BEFORE,,
virus-replicator,8,4dbd7,NEW@<module>@main.py_slice.py,Core Attack Chain,Core Attack Chain,,Type F
virus-replicator,9,739a0,NEW@<module>@main.py_slice.py,Core Attack Chain,Core Attack Chain,,Type F
virus-replicator,10,38ecc,NEW@<module>@main.py_slice.py,Full Attack Chain,Full Attack Chain,,Type F
virus-replicator,11,668bb,<module>@main.py_slice.py,SAME AS BEFORE,SAME AS BEFORE,,
virus-replicator,11,668bb,NEW@<module>@test.py_slice.py,Benign,Benign,,None
virus.py,1,52fb1,NEW@<module>@main.py_slice.py,Full Attack Chain,Full Attack Chain,,Type F
virus.py,3,f97d4,NEW@<module>@main.py_slice.py,Full Attack Chain,Full Attack Chain,,Type F
virus.py,4,81900,NEW@<module>@main.py_slice.py,Full Attack Chain,Full Attack Chain,,Type F
virus.py,5,a2151,NEW@<module>@main.py_slice.py,Full Attack Chain,Full Attack Chain,,Type F
virus.py,6,1c8b3,NEW@<module>@main.py_slice.py,Full Attack Chain,Full Attack Chain,,Type F
virus.py,7,6c1a3,<module>@main.py_slice.py,SAME AS BEFORE,SAME AS BEFORE,,
virus.py,8,44e31,<module>@main.py_slice.py,SAME AS BEFORE,SAME AS BEFORE,,
virus.py,9,8843d,NEW@<module>@main.py_slice.py,Full Attack Chain,Full Attack Chain,,Type F
virus.py,10,967ec,NEW@<module>@main.py_slice.py,Full Attack Chain,Full Attack Chain,,Type F
virus.py,11,81ce9,NEW@<module>@main.py_slice.py,Full Attack Chain,Full Attack Chain,,Type J
Virus000,0,ea90b,NEW@<body>@viCtim.py_slice.py,Full Attack Chain,Full Attack Chain,,Type B
Virus000,0,ea90b,NEW@<module>@aTTacKer.py_slice.py,Core Attack Chain,Core Attack Chain,,Type B
Virus000,0,ea90b,NEW@<module>@viCtim.py_slice.py,Core Attack Chain,Core Attack Chain,,Type B
Virus000,0,ea90b,NEW@<body>@aTTacKer.py_slice.py,Full Attack Chain,Full Attack Chain,,Type B
Virus000,1,94bf5,NEW@<body>@viCtim.py_slice.py,Full Attack Chain,Full Attack Chain,,Type B
Virus000,1,94bf5,NEW@<module>@aTTacKer.py_slice.py,Core Attack Chain,Core Attack Chain,,Type B
Virus000,1,94bf5,<module>@viCtim.py_slice.py,SAME AS BEFORE,SAME AS BEFORE,,
Virus000,1,94bf5,NEW@<body>@aTTacKer.py_slice.py,Full Attack Chain,Full Attack Chain,,Type B
Virus000,2,e7558,NEW@<body>@viCtim.py_slice.py,Full Attack Chain,Full Attack Chain,,Type B
Virus000,2,e7558,NEW@<module>@aTTacKer.py_slice.py,Core Attack Chain,Core Attack Chain,,Type B
Virus000,2,e7558,NEW@<module>@viCtim.py_slice.py,Core Attack Chain,Core Attack Chain,,Type B
Virus000,2,e7558,NEW@<body>@aTTacKer.py_slice.py,Full Attack Chain,Full Attack Chain,,Type B
Virus000,3,ec220,NEW@<body>@viCtim.py_slice.py,Full Attack Chain,Full Attack Chain,,Type B
Virus000,3,ec220,NEW@<module>@aTTacKer.py_slice.py,Core Attack Chain,Core Attack Chain,,Type B
Virus000,3,ec220,NEW@<module>@viCtim.py_slice.py,Core Attack Chain,Core Attack Chain,,Type B
Virus000,3,ec220,NEW@<body>@aTTacKer.py_slice.py,Full Attack Chain,Full Attack Chain,,Type B
Virus000,4,0fea8,NEW@<body>@viCtim.py_slice.py,Full Attack Chain,Full Attack Chain,,Type B
Virus000,4,0fea8,NEW@<module>@aTTacKer.py_slice.py,Core Attack Chain,Core Attack Chain,,Type B
Virus000,4,0fea8,NEW@<module>@viCtim.py_slice.py,Core Attack Chain,Core Attack Chain,,Type B
Virus000,4,0fea8,<body>@aTTacKer.py_slice.py,SAME AS BEFORE,SAME AS BEFORE,,
Virus000,5,26784,<module>@aTTacKer.py_slice.py,SAME AS BEFORE,SAME AS BEFORE,,
Virus000,5,26784,NEW@<body>@viCtim.py_slice.py,Full Attack Chain,Full Attack Chain,,Type B
Virus000,5,26784,NEW@<module>@viCtim.py_slice.py,Core Attack Chain,Core Attack Chain,,Type B
Virus000,5,26784,NEW@<body>@aTTacKer.py_slice.py,Full Attack Chain,Full Attack Chain,,Type B
Virus000,6,29176,<module>@aTTacKer.py_slice.py,SAME AS BEFORE,SAME AS BEFORE,,
Virus000,6,29176,NEW@<body>@viCtim.py_slice.py,Full Attack Chain,Full Attack Chain,,Type B
Virus000,6,29176,<module>@viCtim.py_slice.py,SAME AS BEFORE,SAME AS BEFORE,,
Virus000,6,29176,<body>@aTTacKer.py_slice.py,SAME AS BEFORE,SAME AS BEFORE,,
wanna-smile,0,b7497,NEW@<module>@main.py_slice.py,Full Attack Chain,Full Attack Chain,,Type K
wanna-smile,2,b8055,NEW@<module>@main.py_slice.py,Full Attack Chain,Full Attack Chain,,Type K
wanna-smile,3,822b7,NEW@<module>@main.py_slice.py,Full Attack Chain,Full Attack Chain,,Type K
wanna-smile,5,11ee6,<module>@main.py_slice.py,SAME AS BEFORE,SAME AS BEFORE,,
wanna-smile,7,4d56b,NEW@<module>@wanna-smile.py_slice.py,Full Attack Chain,Full Attack Chain,,Type K
wanna-smile,8,1d361,NEW@<module>@bin_wanna-smile.py_slice.py,Full Attack Chain,Full Attack Chain,,Type K
wanna-smile,8,1d361,NEW@<module>@bin_wanna-smile_SILENT_RUNNER.py_slice.py,Undetermined,Undetermined,,None
wanna-smile,10,3355f,<module>@bin_wanna-smile_SILENT_RUNNER.py_slice.py,SAME AS BEFORE,SAME AS BEFORE,,
wanna-smile,10,3355f,<module>@bin_wanna-smile.py_slice.py,SAME AS BEFORE,SAME AS BEFORE,,
wanna-smile,11,dfb17,NEW@<module>@old_wanna-smile_SILENT_RUNNER.py_slice.py,Undetermined,Undetermined,,None
wanna-smile,11,dfb17,NEW@<module>@old_wanna-smile.py_slice.py,Full Attack Chain,Full Attack Chain,,Type K
wanna-smile,12,a3479,NEW@<module>@bin_wanna-smile.py_slice.py,Full Attack Chain,Full Attack Chain,,Type K
wanna-smile,12,a3479,NEW@<module>@bin_wanna-smile_SILENT_RUNNER.py_slice.py,Undetermined,Undetermined,,None
wanna-smile,13,0ccc5,NEW@<module>@bin_wanna-smile.py_slice.py,Full Attack Chain,Full Attack Chain,,Type K
wanna-smile,13,0ccc5,<module>@bin_wanna-smile_SILENT_RUNNER.py_slice.py,SAME AS BEFORE,SAME AS BEFORE,,
wanna-smile,14,e9458,<module>@bin_wanna-smile_SILENT_RUNNER.py_slice.py,SAME AS BEFORE,SAME AS BEFORE,,
WannaHappy,0,357a2,NEW@<module>@main.py_slice.py,Undetermined,Undetermined,,None
WannaHappy,1,8e166,<module>@main.py_slice.py,SAME AS BEFORE,SAME AS BEFORE,,
WannaHappy,1,8e166,NEW@<module>@scan.py_slice.py,Benign,Benign,,None
WannaHappy,2,8e70e,<module>@main.py_slice.py,SAME AS BEFORE,SAME AS BEFORE,,
WannaHappy,2,8e70e,NEW@<module>@scan.py_slice.py,Benign,Benign,,None
WannaHappy,2,8e70e,NEW@<module>@decryptor.py_slice.py,Undetermined,Undetermined,,None
WannaHappy,3,f5d88,<module>@scan.py_slice.py,SAME AS BEFORE,SAME AS BEFORE,,
WannaHappy,3,f5d88,<module>@decryptor.py_slice.py,SAME AS BEFORE,SAME AS BEFORE,,
WannaHappy,3,f5d88,NEW@<module>@main.py_slice.py,Undetermined,Undetermined,,None
WannaHappy,4,6504c,<module>@scan.py_slice.py,SAME AS BEFORE,SAME AS BEFORE,,
WannaHappy,4,6504c,<module>@decryptor.py_slice.py,SAME AS BEFORE,SAME AS BEFORE,,
WannaHappy,4,6504c,<module>@main.py_slice.py,SAME AS BEFORE,SAME AS BEFORE,,
WannaHappy,4,6504c,NEW@<module>@blocker.py_slice.py,Undetermined,Undetermined,,None
WannaHappy,4,6504c,NEW@<body>@blocker.py_slice.py,Benign,Benign,,None
WannaHappy,5,ef915,<module>@decryptor.py_slice.py,SAME AS BEFORE,SAME AS BEFORE,,
WannaHappy,5,ef915,<module>@main.py_slice.py,SAME AS BEFORE,SAME AS BEFORE,,
WannaHappy,5,ef915,NEW@<module>@EXAMPLE-DJVU.py_slice.py,Full Attack Chain,Full Attack Chain,,Type C
WannaHappy,5,ef915,NEW@<module>@blocker.py_slice.py,Undetermined,Undetermined,,None
WannaHappy,5,ef915,NEW@<module>@scan.py_slice.py,Benign,Benign,,None
WannaHappy,5,ef915,<body>@blocker.py_slice.py,SAME AS BEFORE,SAME AS BEFORE,,
winrar-SFX-0day-exploiter,1,7ee82,NEW@<body>@socks.py_slice.py,Benign,Benign,,None
winrar-SFX-0day-exploiter,2,4fd3c,NEW@<module>@winrarxexe.py_slice.py,Full Attack Chain,Full Attack Chain,,Type I
winrar-SFX-0day-exploiter,2,4fd3c,<body>@socks.py_slice.py,SAME AS BEFORE,SAME AS BEFORE,,
Wormy,1,d8da1,NEW@<module>@wormy.py_slice.py,Core Attack Chain,Core Attack Chain,,Type L
Wormy,2,1f19d,NEW@<module>@wormy.py_slice.py,Core Attack Chain,Core Attack Chain,,Type L
Wormy,3,0379f,NEW@<module>@wormy.py_slice.py,Core Attack Chain,Core Attack Chain,,Type L
Wormy,4,0a648,NEW@<module>@wormy.py_slice.py,Core Attack Chain,Core Attack Chain,,Type L
backdoor,1,b94ad,NEW@<body>@client.py_slice.py,Undetermined,Undetermined,,None
backdoor,2,904d3,NEW@<body>@client.py_slice.py,Full Attack Chain,Full Attack Chain,,Type B
backdoor,3,3ce22,NEW@<module>@client.py_slice.py,Full Attack Chain,Full Attack Chain,,Type B
backdoor,3,3ce22,<body>@client.py_slice.py,SAME AS BEFORE,SAME AS BEFORE,,
backdoor1,0,19f7b,NEW@<module>@victim.py_slice.py,Undetermined,Undetermined,,None
backdoor2,1,4982e,NEW@<module>@reverse_shell.py_slice.py,Undetermined,Undetermined,,None
backdoor2,2,003bd,NEW@<module>@reverse_shell.py_slice.py,Core Attack Chain,Core Attack Chain,,Type B
backdoor2,3,ce157,NEW@<module>@reverse_shell.py_slice.py,Core Attack Chain,Core Attack Chain,,Type B
backdoor2,4,15433,NEW@<module>@reverse_shell.py_slice.py,Core Attack Chain,Core Attack Chain,,Type B
backdoor2,5,8216c,NEW@<module>@reverse_shell.py_slice.py,Core Attack Chain,Core Attack Chain,,Type B
backdoor2,6,faa7c,NEW@<module>@reverse_shell.py_slice.py,Core Attack Chain,Core Attack Chain,,Type B
backdoor2,7,e1fd3,NEW@<module>@reverse_shell.py_slice.py,Full Attack Chain,Full Attack Chain,,Type B
backdoor3,0,74d2c,NEW@<module>@client.py_slice.py,Undetermined,Undetermined,,None
backdoor3,1,0e62c,NEW@<module>@client.py_slice.py,Undetermined,Undetermined,,None
backdoor3,2,3e05d,NEW@<module>@client.py_slice.py,Undetermined,Undetermined,,None
backdoor3,3,c5ce8,NEW@<module>@client.py_slice.py,Undetermined,Undetermined,,None
keylogger1,0,84329,NEW@<module>@keylogger.py_slice.py,Undetermined,Undetermined,,None
keylogger1,1,feaad,NEW@<module>@keylogger.py_slice.py,Full Attack Chain,Full Attack Chain,,Type H
keylogger1,2,6342b,NEW@<module>@keylogger.py_slice.py,Full Attack Chain,Full Attack Chain,,Type H
keylogger2,0,3bf0b,NEW@<module>@keylogger.py_slice.py,Core Attack Chain,Core Attack Chain,,Type H
keylogger2,3,ef856,NEW@<body>@keylogger.py_slice.py,Core Attack Chain,Core Attack Chain,,Type H
keylogger2,4,96e94,NEW@<body>@keylogger.py_slice.py,Core Attack Chain,Core Attack Chain,,Type H
keylogger2,5,4a737,NEW@<body>@keylogger.py_slice.py,Full Attack Chain,Full Attack Chain,,Type H
keylogger2,6,2bc69,NEW@<module>@keylogger.py_slice.py,Core Attack Chain,Core Attack Chain,,Type H
keylogger2,6,2bc69,<body>@keylogger.py_slice.py,SAME AS BEFORE,SAME AS BEFORE,,
keylogger3,0,3f948,NEW@<module>@keylogger.py_slice.py,Undetermined,Undetermined,,None
keylogger3,1,2e39e,NEW@<module>@keylogger.py_slice.py,Core Attack Chain,Core Attack Chain,,Type H
keylogger3,2,47879,NEW@<module>@keylogger.py_slice.py,Full Attack Chain,Full Attack Chain,,Type H
keylogger4,3,33dc7,NEW@<body>@keylogger.py_slice.py,Core Attack Chain,Core Attack Chain,,Type H
keylogger4,4,b071d,NEW@<module>@keylogger.py_slice.py,Full Attack Chain,Full Attack Chain,,Type H
keylogger4,4,b071d,NEW@<body>@keylogger.py_slice.py,Full Attack Chain,Full Attack Chain,,Type H
keylogger5,0,12c40,NEW@<body>@keylogger.py_slice.py,Core Attack Chain,Core Attack Chain,,Type H
keylogger5,1,31e4c,NEW@<body>@keylogger.py_slice.py,Core Attack Chain,Core Attack Chain,,Type H
keylogger5,2,227fb,NEW@<body>@keylogger.py_slice.py,Core Attack Chain,Core Attack Chain,,Type H
keylogger5,3,e712e,NEW@<body>@keylogger.py_slice.py,Core Attack Chain,Core Attack Chain,,Type H
keylogger5,4,75f79,NEW@<module>@keylogger.py_slice.py,Core Attack Chain,Core Attack Chain,,Type H
keylogger5,4,75f79,<body>@keylogger.py_slice.py,SAME AS BEFORE,SAME AS BEFORE,,
ransomware1,1,98861,NEW@<module>@ransomware.py_slice.py,Core Attack Chain,Core Attack Chain,,Type C
ransomware1,2,954c7,NEW@<module>@ransomware.py_slice.py,Core Attack Chain,Core Attack Chain,,Type C
ransomware1,3,4eda8,NEW@<module>@ransomware.py_slice.py,Core Attack Chain,Core Attack Chain,,Type C
ransomware2,3,f4a30,NEW@<module>@encrypt.py_slice.py,Undetermined,Undetermined,,None
ransomware2,4,96b1f,NEW@<module>@encrypt.py_slice.py,Core Attack Chain,Core Attack Chain,,Type C
ransomware2,5,c91af,NEW@<module>@encrypt.py_slice.py,Core Attack Chain,Full Attack Chain,,Type C
ransomware2,6,76b79,NEW@<module>@encrypt.py_slice.py,Full Attack Chain,Full Attack Chain,,Type C
ransomware3,1,fba94,NEW@<module>@attack.py_slice.py,Undetermined,Undetermined,,None
ransomware3,2,aa702,NEW@<module>@attack.py_slice.py,Core Attack Chain,Core Attack Chain,,Type C
ransomware3,3,725f5,NEW@<module>@attack.py_slice.py,Full Attack Chain,Full Attack Chain,,Type C
ransomware3,4,e29aa,NEW@<module>@attack.py_slice.py,Full Attack Chain,Full Attack Chain,,Type C
ransomware3,5,7d82f,NEW@<module>@attack.py_slice.py,Full Attack Chain,Full Attack Chain,,Type C
ransomware4,2,fea26,NEW@<module>@ransomware.py_slice.py,Undetermined,Undetermined,,None
ransomware4,3,92b3a,NEW@<module>@ransomware.py_slice.py,Undetermined,Undetermined,,None
ransomware4,4,034e6,NEW@<module>@ransomware.py_slice.py,Core Attack Chain,Core Attack Chain,,Type A
ransomware4,5,f74df,NEW@<module>@ransomware.py_slice.py,Core Attack Chain,Core Attack Chain,,Type C
ransomware4,6,e8210,NEW@<module>@ransomware.py_slice.py,Core Attack Chain,Core Attack Chain,,Type C
ransomware4,7,6fa08,NEW@<module>@ransomware.py_slice.py,Full Attack Chain,Full Attack Chain,,Type C
ransomware5,0,1f376,NEW@<module>@cryptware.py_slice.py,Undetermined,Undetermined,,None
ransomware5,1,2e3d3,NEW@<body>@cryptware.py_slice.py,Core Attack Chain,Core Attack Chain,,Type A
ransomware5,1,2e3d3,NEW@<module>@cryptware.py_slice.py,Core Attack Chain,Core Attack Chain,,Type A
ransomware5,2,262f1,NEW@<body>@cryptware.py_slice.py,Core Attack Chain,Core Attack Chain,,Type C
ransomware5,2,262f1,NEW@<module>@cryptware.py_slice.py,Core Attack Chain,Core Attack Chain,,Type C
ransomware5,3,2e4e1,NEW@<body>@cryptware.py_slice.py,Core Attack Chain,Core Attack Chain,,Type C
ransomware5,3,2e4e1,NEW@<module>@cryptware.py_slice.py,Full Attack Chain,Core Attack Chain,slice extract unfully,Type C
ransomware6,0,571ee,NEW@<module>@ransomware.py_slice.py,Undetermined,Undetermined,,None
ransomware6,1,2c7b0,NEW@<module>@ransomware.py_slice.py,Core Attack Chain,Core Attack Chain,,Type C
ransomware6,2,400a1,NEW@<module>@ransomware.py_slice.py,Full Attack Chain,Full Attack Chain,,Type C
ransomware6,3,546b3,NEW@<module>@ransomware.py_slice.py,Full Attack Chain,Full Attack Chain,,Type C
ransomware7,0,5312c,NEW@<module>@ransomware.py_slice.py,Core Attack Chain,Core Attack Chain,,Type C
ransomware7,1,ab143,NEW@<module>@ransomware.py_slice.py,Core Attack Chain,Core Attack Chain,,Type C
ransomware7,2,8770a,NEW@<body>@ransomware.py_slice.py,Core Attack Chain,Core Attack Chain,,Type C
ransomware7,2,8770a,NEW@<module>@ransomware.py_slice.py,Core Attack Chain,Core Attack Chain,,Type D
ransomware7,3,d6a53,NEW@<module>@ransomware.py_slice.py,Core Attack Chain,Core Attack Chain,,Type C
ransomware7,3,d6a53,<body>@ransomware.py_slice.py,SAME AS BEFORE,SAME AS BEFORE,,
reverseShell1,0,c6677,NEW@<module>@reverse.py_slice.py,Full Attack Chain,Full Attack Chain,,Type B
reverseShell1,1,2ceaa,NEW@<module>@reverse.py_slice.py,Full Attack Chain,Full Attack Chain,,Type B
reverseShell1,2,72770,NEW@<module>@reverse.py_slice.py,Full Attack Chain,Full Attack Chain,,Type B
reverseShell1,3,a9d41,NEW@<module>@reverse.py_slice.py,Full Attack Chain,Full Attack Chain,,Type B
reverseShell2,1,683ad,NEW@<module>@client.py_slice.py,Undetermined,Undetermined,,None
reverseShell2,2,86f9e,NEW@<module>@client.py_slice.py,Undetermined,Undetermined,,None
reverseShell2,3,3d1ac,NEW@<module>@client.py_slice.py,Full Attack Chain,Full Attack Chain,,Type B
reverseShell3,0,dcf79,NEW@<module>@client.py_slice.py,Undetermined,Undetermined,,None
reverseShell3,1,1ccbb,NEW@<module>@client.py_slice.py,Full Attack Chain,Full Attack Chain,,Type B
reverseShell4,2,f3a04,NEW@<module>@victim.py_slice.py,Undetermined,Undetermined,,None
reverseShell4,3,08561,NEW@<module>@victim.py_slice.py,Core Attack Chain,Core Attack Chain,,Type B
reverseShell4,4,1c874,NEW@<module>@victim.py_slice.py,Core Attack Chain,Core Attack Chain,,Type B
reverseShell5,1,4f80a,NEW@<module>@reverse_ssl.py_slice.py,Undetermined,Undetermined,,None
reverseShell5,2,c0b0e,NEW@<module>@reverse_ssl.py_slice.py,Undetermined,Undetermined,,None
reverseShell5,3,a63f7,NEW@<module>@reverse_ssl.py_slice.py,Undetermined,Undetermined,,None
reverseShell5,4,456e6,NEW@<module>@reverse_ssl.py_slice.py,Undetermined,Undetermined,,None
reverseShell5,5,210be,NEW@<module>@reverse_ssl.py_slice.py,Core Attack Chain,Core Attack Chain,,Type B
reverseShell5,6,c8f00,NEW@<module>@reverse_ssl.py_slice.py,Core Attack Chain,Core Attack Chain,,Type B
simpleMalware1,1,f8ec2,NEW@<module>@attack.py_slice.py,Undetermined,Undetermined,,None
simpleMalware1,2,d320b,NEW@<module>@attack.py_slice.py,Full Attack Chain,Full Attack Chain,,Type D
simpleMalware1,3,cee65,NEW@<module>@attack.py_slice.py,Full Attack Chain,Full Attack Chain,,Type D
virus1,0,0581b,NEW@<module>@virus.py_slice.py,Core Attack Chain,Core Attack Chain,,Type K
virus1,1,981f2,NEW@<module>@virus.py_slice.py,Core Attack Chain,Core Attack Chain,,Type F
virus1,2,9aa98,NEW@<module>@virus.py_slice.py,Core Attack Chain,Core Attack Chain,,Type F
virus1,3,ad298,NEW@<module>@virus.py_slice.py,Full Attack Chain,Full Attack Chain,,Type F
virus1,4,a166f,<module>@virus.py_slice.py,SAME AS BEFORE,SAME AS BEFORE,,
virus2,1,42c92,NEW@<body>@virus.py_slice.py,Core Attack Chain,Core Attack Chain,,Type F
virus2,2,221a4,NEW@<body>@virus.py_slice.py,Full Attack Chain,Full Attack Chain,,Type F
virus2,3,e4abd,NEW@<body>@virus.py_slice.py,Full Attack Chain,Full Attack Chain,,Type F
virus2,4,3423c,<body>@virus.py_slice.py,SAME AS BEFORE,SAME AS BEFORE,,
worm1,2,f264f,NEW@<body>@worm.py_slice.py,Core Attack Chain,Core Attack Chain,,Type L
worm1,3,57344,NEW@<body>@worm.py_slice.py,Core Attack Chain,Core Attack Chain,,Type L
worm1,4,a283e,NEW@<body>@worm.py_slice.py,Core Attack Chain,Core Attack Chain,,Type L
worm1,5,3a40a,NEW@<body>@worm.py_slice.py,Core Attack Chain,Core Attack Chain,,Type L
worm1,6,f9039,NEW@<module>@worm.py_slice.py,Core Attack Chain,Core Attack Chain,,Type L
worm1,6,f9039,<body>@worm.py_slice.py,SAME AS BEFORE,SAME AS BEFORE,,
worm1,7,2d706,NEW@<module>@worm.py_slice.py,Core Attack Chain,Core Attack Chain,,Type L
worm1,7,2d706,<body>@worm.py_slice.py,SAME AS BEFORE,SAME AS BEFORE,,
worm2,1,63bab,NEW@<body>@worm.py_slice.py,Core Attack Chain,Core Attack Chain,,Type L
worm2,2,2947e,NEW@<body>@worm.py_slice.py,Core Attack Chain,Core Attack Chain,,Type L
worm2,3,179a2,NEW@<body>@worm.py_slice.py,Core Attack Chain,Core Attack Chain,,Type L
worm2,4,a6bb9,NEW@<body>@worm.py_slice.py,Core Attack Chain,Core Attack Chain,,Type L
worm2,5,7a727,NEW@<module>@worm.py_slice.py,Core Attack Chain,Core Attack Chain,,Type L
worm2,5,7a727,<body>@worm.py_slice.py,SAME AS BEFORE,SAME AS BEFORE,,
